60 600 11
48 15
1 13
12 9
36 34
58 14
56 60
33 57
13 6
14 60
2 22
26 11
25 26
16 31
9 29
8 1
11 21
7 39
55 39
45 15
24 47
44 25
36 40
59 23
36 36
51 20
7 52
47 13
55 10
58 36
10 51
8 32
21 34
3 18
49 43
53 30
41 24
6 34
35 7
8 26
28 40
3 32
40 48
46 21
10 3
43 14
27 55
25 25
53 27
32 46
52 55
6 54
7 34
19 31
17 21
10 37
40 42
57 25
23 47
31 7
29 40
8 51
27 24
42 3
11 34
60 7
34 26
53 44
3 42
14 55
30 37
31 42
31 57
44 58
47 2
24 15
28 17
7 57
43 20
28 44
17 32
39 34
31 7
16 1
5 1
56 43
11 42
13 29
20 34
38 27
58 7
52 30
27 45
53 15
43 16
12 51
6 40
52 18
51 48
40 3
54 1
13 36
21 23
21 32
5 19
10 11
23 38
28 12
36 10
40 60
29 4
7 45
59 9
35 28
3 9
58 34
14 1
44 5
8 1
49 26
53 10
60 13
6 8
60 37
7 5
54 2
36 53
23 60
55 32
17 35
34 19
10 32
26 30
5 19
12 34
37 21
20 19
36 22
12 31
35 34
20 34
18 50
26 60
44 22
23 41
58 46
8 15
34 2
40 28
17 49
43 39
12 49
31 17
21 59
19 57
50 50
23 48
25 30
51 41
55 32
57 34
29 2
36 51
40 17
22 4
32 11
60 28
12 35
13 22
50 1
51 10
24 57
38 21
29 33
54 28
33 39
26 23
2 13
19 55
53 15
44 43
21 6
6 40
17 50
3 53
40 45
22 53
2 34
42 60
7 18
24 38
25 30
36 33
55 3
4 30
57 27
38 5
21 47
19 49
7 47
31 55
38 9
18 51
19 46
37 52
49 21
42 31
44 11
47 14
17 8
6 60
9 15
29 38
41 47
58 51
37 14
43 13
19 47
9 43
41 34
32 22
53 52
58 48
58 20
56 34
3 42
6 33
3 7
21 6
52 16
28 48
30 11
10 55
44 55
25 21
48 37
43 44
22 8
12 14
35 36
33 44
23 36
3 14
60 15
22 2
25 41
54 18
7 47
55 31
8 23
59 52
32 45
43 58
38 38
53 11
4 29
20 40
41 53
27 54
3 27
16 18
15 42
47 15
18 23
45 59
24 1
33 39
8 38
18 10
9 42
9 54
26 45
10 15
54 34
22 33
12 20
6 15
32 38
38 60
40 58
27 13
40 43
14 54
46 51
10 21
55 36
58 43
50 33
3 23
44 29
18 6
38 55
4 54
16 41
40 60
53 53
49 35
16 49
57 22
52 1
28 59
34 51
34 54
34 33
16 7
59 7
9 49
45 37
18 29
51 26
44 39
17 39
58 10
5 5
60 17
45 36
59 38
13 16
4 54
24 58
41 11
53 3
27 32
19 11
6 24
57 20
2 13
50 58
49 51
50 47
19 40
3 46
2 19
3 21
4 25
31 51
33 42
36 5
23 48
60 59
47 40
31 27
13 51
18 24
41 3
6 31
27 2
23 45
29 24
57 5
26 32
28 57
55 54
11 28
1 33
58 2
13 37
27 36
53 33
36 19
21 15
16 7
55 46
43 60
18 43
42 38
34 8
37 4
40 34
38 12
11 34
19 36
29 15
16 7
57 56
10 57
60 22
42 48
40 29
36 50
48 2
50 26
54 31
10 58
45 34
7 12
42 15
11 21
59 34
9 38
7 19
51 11
46 36
17 25
34 3
6 46
55 38
20 38
21 19
32 44
46 41
45 33
11 31
15 30
27 31
40 14
41 53
54 12
16 27
31 30
31 41
24 31
10 20
14 44
12 26
59 17
35 21
53 34
59 19
30 49
26 3
38 54
3 10
46 30
18 55
44 37
12 59
7 53
39 3
28 34
49 15
18 6
2 51
27 19
17 43
38 58
51 42
11 37
9 59
40 59
5 39
21 40
26 28
24 43
48 50
23 51
23 10
60 46
17 3
23 51
10 38
31 8
57 40
30 33
54 47
20 2
15 60
25 23
23 39
5 12
46 46
43 16
57 5
39 43
23 40
18 50
44 54
46 9
1 22
20 40
46 59
15 55
36 36
5 42
6 49
53 49
16 10
21 37
6 21
30 4
4 44
30 33
16 10
2 44
38 53
31 20
12 25
36 54
11 58
21 43
4 23
53 46
1 12
55 15
48 10
16 41
56 10
55 22
48 48
25 15
1 59
16 59
58 60
23 40
54 34
21 3
15 24
8 1
53 2
32 27
2 55
45 14
18 12
49 26
45 3
57 31
9 17
33 28
53 7
2 44
5 18
4 38
27 23
56 5
33 30
11 31
44 38
3 20
58 51
38 55
37 17
38 14
52 40
59 12
57 49
36 39
40 53
60 12
14 7
20 49
38 21
22 17
37 59
7 56
48 19
43 56
35 10
20 17
24 44
16 18
44 57
15 5
39 2
55 30
7 41
6 46
60 27
27 37
11 13
42 1
14 4
39 3
3 36
6 22
53 13
12 2
42 38
10 13
27 40
16 42
31 37
17 59
9 52
51 41
16 26
15 25
6 43
23 42
12 15
11 46
35 54
52 45
4 48
23 49
52 1
53 29
55 58
3 28
24 41
47 2
57 52
48 59
46 1
3 40
14 10
42 31
60 1
9 1
11 34
42 20
58 12
14 54
22 28
23 58
20 18
36 45
1 43
31 41
22 15
54 16
55 45
5 22
9 19
