70 600 13
45 57
28 19
1 5
20 51
43 29
5 1
19 26
23 62
12 18
63 60
24 42
26 27
22 32
6 46
62 24
70 57
43 9
5 44
65 49
16 49
30 51
8 17
44 32
6 52
50 66
58 9
31 45
40 40
16 42
11 11
28 46
46 24
31 70
55 18
53 61
31 26
64 5
69 53
23 26
43 52
11 6
21 55
13 36
17 35
29 47
28 69
17 67
12 33
57 54
67 26
39 28
12 41
39 36
13 5
64 4
20 45
37 21
53 28
45 41
53 7
40 37
31 34
67 67
32 37
61 70
9 26
53 39
54 63
53 51
52 68
46 1
13 64
29 58
64 9
32 65
1 52
65 46
44 23
16 2
48 45
2 9
32 55
6 41
43 56
58 18
53 25
27 37
29 15
51 16
14 22
52 70
58 66
17 52
3 2
27 62
6 8
3 11
31 6
2 63
52 39
40 3
12 38
70 66
15 70
3 70
3 29
67 30
46 13
50 5
15 66
7 13
16 23
23 48
38 70
10 30
59 59
31 2
4 63
53 7
37 66
25 36
62 10
19 31
2 35
38 37
55 43
56 26
20 48
58 46
16 32
38 33
62 58
35 27
42 42
4 51
15 39
32 32
65 54
38 25
58 24
3 42
64 7
69 53
69 50
51 8
26 22
63 61
16 42
47 62
2 49
14 35
23 59
53 15
5 28
19 13
69 42
44 30
33 40
52 31
30 24
30 9
51 4
18 23
16 3
27 68
56 11
43 52
29 65
55 28
43 22
62 53
41 18
59 23
5 48
53 56
23 70
11 21
58 45
47 65
50 24
30 46
15 50
34 44
50 27
61 68
66 7
9 55
8 19
15 15
4 52
24 18
65 34
21 10
4 65
14 37
68 67
55 23
67 59
13 65
18 41
51 40
52 47
52 28
23 24
35 44
66 15
25 33
68 17
52 2
37 40
31 51
45 24
51 19
29 6
41 18
18 38
59 69
64 52
7 30
8 48
37 19
62 13
26 61
60 56
69 53
49 65
35 39
68 56
30 9
11 64
40 34
57 49
19 34
48 21
1 68
28 67
53 25
14 26
49 26
56 25
32 30
6 49
48 60
26 34
30 17
60 7
8 29
66 70
28 18
66 8
34 34
10 9
70 26
36 14
47 64
44 28
66 10
17 68
22 62
14 20
45 10
5 42
70 61
62 60
56 31
63 49
25 13
48 35
6 1
46 47
64 21
49 62
54 69
47 27
28 52
55 7
27 43
26 39
62 43
58 40
22 57
54 60
56 68
32 45
45 3
17 23
69 21
70 46
28 59
66 24
59 67
24 66
36 45
48 64
59 57
41 41
26 67
48 45
57 12
64 24
45 7
32 52
34 37
6 63
14 37
34 28
3 61
43 38
68 41
8 2
68 64
62 18
14 1
15 28
47 60
61 35
14 65
52 62
45 35
16 9
23 65
65 57
18 29
42 41
25 57
37 17
38 34
15 41
22 8
33 27
24 50
38 47
13 22
23 10
25 47
7 66
61 40
55 17
69 39
18 58
63 70
33 61
12 3
64 4
28 1
62 51
60 31
26 36
44 58
30 30
21 14
29 13
16 15
33 19
32 24
42 43
28 69
60 3
53 46
11 28
28 19
26 36
11 69
12 49
18 38
56 3
36 51
45 15
15 23
67 60
61 45
25 35
22 9
7 51
30 65
4 29
4 61
21 4
63 5
6 69
38 45
2 45
49 32
59 13
50 12
4 21
59 18
49 50
67 3
5 9
23 27
42 17
53 20
22 8
1 38
44 45
46 31
68 65
5 2
58 63
14 12
7 65
15 39
68 23
46 47
61 12
6 59
3 23
28 5
61 27
52 9
65 1
58 13
51 21
17 34
12 4
46 23
68 9
2 49
27 49
15 4
56 62
44 19
22 35
61 1
49 57
7 48
29 24
9 10
20 47
43 43
68 67
2 20
56 21
61 38
21 14
7 13
55 51
66 10
40 55
22 23
29 15
46 9
41 56
8 1
17 57
42 42
13 33
3 11
49 43
62 27
7 7
49 9
46 59
53 33
60 49
15 13
43 70
14 3
38 50
37 63
27 4
61 7
12 16
4 26
27 44
11 14
61 66
40 46
52 27
11 6
67 41
34 20
5 66
21 3
15 69
4 65
28 51
51 41
60 20
31 19
38 58
11 40
12 63
60 20
23 70
12 54
29 19
63 50
24 70
16 20
27 13
1 14
24 7
23 3
54 10
35 62
37 22
40 24
19 8
4 16
9 2
64 46
33 10
8 65
7 19
3 57
5 14
59 28
48 1
47 62
1 18
15 20
45 61
20 25
32 64
1 15
64 49
55 17
14 10
21 55
43 69
25 45
56 61
49 17
56 36
60 7
42 34
10 55
22 50
54 60
3 5
51 19
17 44
20 22
59 20
38 8
35 35
47 47
54 3
13 59
24 4
2 5
56 19
42 21
56 64
10 8
32 42
67 27
70 49
14 28
1 39
27 29
55 9
33 21
63 34
15 20
62 39
69 55
24 50
43 40
21 50
2 28
14 47
15 14
7 40
29 48
13 10
18 25
42 20
61 11
67 40
10 63
8 4
6 69
22 5
60 25
62 21
25 69
12 19
63 61
3 8
46 16
55 39
4 60
67 17
8 42
26 7
66 48
49 61
21 14
15 64
43 54
15 70
52 23
13 50
19 65
32 52
44 14
42 9
32 3
30 3
17 4
46 60
33 19
11 60
50 69
13 37
17 34
8 18
33 32
56 57
47 5
29 70
