20 12
21 12
22 12
22 13
22 14
22 15
22 16
21 16
20 16
19 16
19 17
18 17
18 18
18 19
17 19
16 19
15 19
15 20
14 20
14 21
13 21
12 21
11 21
10 21
9 21
8 21
8 22
7 22
7 23
6 23
5 23
4 23
3 23
3 24
3 25
3 26
2 26
1 26
1 27
1 28
1 29
2 29
2 28
2 27
2 26
2 25
2 24
2 23
2 22
3 22
3 21
3 20
3 19
4 19
5 19
5 18
6 18
7 18
8 18
9 18
10 18
11 18
12 18
13 18
14 18
15 18
16 18
17 18
18 18
18 17
19 17
20 17
21 17
22 17
22 16
23 16
24 16
25 16
26 16
27 16
27 15
26 15
25 15
25 16
25 17
24 17
23 17
22 17
21 17
20 17
20 18
20 19
19 19
19 20
18 20
17 20
16 20
15 20
15 21
15 22
14 22
13 22
12 22
11 22
10 22
9 22
8 22
7 22
7 23
7 24
7 25
7 26
7 27
7 28
8 28
8 27
8 26
9 26
9 25
10 25
11 25
12 25
13 25
14 25
15 25
16 25
17 25
18 25
19 25
20 25
21 25
21 24
20 24
19 24
19 23
19 22
20 22
21 22
22 22
23 22
23 23
24 23
24 24
24 25
24 26
24 27
25 27
26 27
27 27
27 28
26 28
25 28
24 28
23 28
22 28
21 28
21 27
21 26
20 26
20 25
20 24
20 23
20 22
20 21
20 20
20 19
20 18
21 18
21 17
21 16
21 15
22 15
22 14
22 13
22 12
23 12
24 12
24 11
25 11
25 10
25 9
25 8
25 7
26 7
26 8
27 8
27 7
27 6
26 6
25 6
24 6
24 7
23 7
22 7
21 7
20 7
19 7
18 7
17 7
17 8
16 8
15 8
15 9
14 9
14 10
14 11
13 11
13 12
12 12
12 13
12 14
11 14
10 14
10 15
10 16
10 17
10 18
10 19
10 20
10 21
10 22
10 23
9 23
9 24
9 25
8 25
8 24
8 23
7 23
6 23
5 23
5 22
4 22
3 22
3 21
3 20
3 19
3 18
2 18
2 17
2 16
2 15
1 15
1 14
1 13
1 12
1 11
1 10
1 9
1 8
1 7
2 7
3 7
4 7
4 8
5 8
6 8
7 8
8 8
9 8
10 8
11 8
12 8
13 8
14 8
14 9
15 9
15 10
15 11
15 12
15 13
15 14
16 14
16 15
17 15
18 15
18 16
18 17
18 18
18 19
18 20
19 20
20 20
21 20
21 21
22 21
22 22
22 23
22 24
22 25
23 25
24 25
25 25
26 25
26 26
25 26
24 26
23 26
22 26
21 26
21 25
20 25
20 24
19 24
18 24
17 24
16 24
15 24
15 23
15 22
14 22
14 21
14 20
14 19
13 19
13 18
13 17
13 16
13 15
12 15
12 14
12 13
11 13
11 12
12 12
13 12
14 12
14 13
15 13
15 14
15 15
15 16
15 17
15 18
15 19
15 20
15 21
16 21
17 21
18 21
18 22
19 22
19 23
19 24
20 24
20 25
20 26
20 27
20 28
20 29
21 29
21 30
22 30
23 30
23 29
23 28
23 27
23 26
23 25
23 24
23 23
23 22
23 21
23 20
23 19
24 19
24 18
24 17
24 16
24 15
24 14
24 13
24 12
24 11
24 10
24 9
24 8
24 7
24 6
24 5
24 4
23 4
23 5
23 6
23 7
23 8
22 8
22 9
22 10
21 10
20 10
19 10
19 11
19 12
19 13
19 14
19 15
19 16
18 16
17 16
17 17
17 18
17 19
17 20
17 21
17 22
17 23
17 24
17 25
17 26
16 26
16 25
16 24
16 23
16 22
16 21
16 20
16 19
16 18
16 17
16 16
16 15
16 14
16 13
16 12
17 12
17 13
18 13
18 14
19 14
20 14
21 14
22 14
23 14
24 14
25 14
26 14
27 14
28 14
29 14
30 14
30 13
30 12
29 12
29 11
28 11
27 11
26 11
25 11
24 11
23 11
22 11
21 11
20 11
20 12
19 12
18 12
17 12
17 13
16 13
16 14
15 14
14 14
14 15
14 16
13 16
12 16
11 16
10 16
10 17
10 18
9 18
8 18
8 19
8 20
8 21
8 22
8 23
9 23
9 24
9 25
10 25
11 25
11 26
11 27
11 28
12 28
12 29
11 29
10 29
9 29
8 29
7 29
7 28
6 28
5 28
5 27
4 27
3 27
3 26
2 26
1 26
1 25
1 24
2 24
3 24
4 24
5 24
6 24
7 24
8 24
9 24
10 24
10 25
11 25
11 26
11 27
11 28
11 29
11 30
12 30
13 30
14 30
15 30
16 30
17 30
18 30
18 29
18 28
18 27
18 26
18 25
18 24
18 23
19 23
20 23
21 23
21 22
21 21
22 21
22 20
22 19
22 18
23 18
24 18
24 17
24 16
25 16
25 15
25 14
26 14
26 15
26 16
27 16
27 17
27 18
26 18
25 18
25 19
24 19
24 20
24 21
24 22
24 23
24 24
24 25
23 25
23 26
23 27
22 27
21 27
20 27
19 27
18 27
17 27
17 28
17 29
17 30
16 30
15 30
14 30
13 30
13 29
12 29
11 29
10 29
9 29
8 29
8 28
7 28
6 28
6 27
5 27
5 26
4 26
3 26
3 25
3 24
3 23
3 22
3 21
3 20
3 19
3 18
3 17
3 16
3 15
3 14
3 13
3 12
3 11
3 10
3 9
3 8
3 7
3 6
3 5
3 4
4 4
4 3
5 3
6 3
7 3
8 3
8 2
9 2
10 2
11 2
11 1
12 1
13 1
14 1
15 1
16 1
17 1
17 2
17 3
17 4
17 5
16 5
16 6
15 6
15 7
14 7
13 7
12 7
11 7
10 7
9 7
9 8
8 8
7 8
7 9
6 9
6 10
5 10
4 10
4 11
5 11
5 12
6 12
6 13
7 13
8 13
9 13
10 13
10 14
11 14
12 14
13 14
14 14
15 14
16 14
17 14
18 14
18 13
18 12
18 11
18 10
18 9
17 9
17 8
16 8
16 7
15 7
14 7
13 7
12 7
12 6
11 6
10 6
9 6
8 6
8 7
8 8
8 9
7 9
6 9
6 10
6 11
6 12
6 13
6 14
6 15
5 15
5 14
4 14
4 15
4 16
5 16
6 16
7 16
7 15
7 14
8 14
9 14
9 13
9 12
9 11
10 11
10 10
10 9
10 8
10 7
11 7
11 8
11 9
11 10
11 11
12 11
12 12
12 13
12 14
12 15
12 16
12 17
12 18
12 19
12 20
12 21
12 22
12 23
12 24
12 25
12 26
12 27
13 27
14 27
15 27
16 27
17 27
17 28
18 28
18 29
19 29
20 29
21 29
22 29
23 29
23 30
24 30
24 29
24 28
24 27
24 26
24 25
24 24
24 23
25 23
25 22
25 21
25 20
26 20
26 19
26 18
26 17
26 16
26 15
27 15
27 14
27 13
28 13
29 13
30 13
30 12
30 11
30 10
30 9
29 9
28 9
28 10
27 10
26 10
25 10
24 10
23 10
22 10
21 10
20 10
19 10
18 10
