26 2
26 3
25 3
25 4
26 4
26 5
26 6
25 6
25 7
25 8
24 8
24 9
23 9
23 10
22 10
22 11
22 12
21 12
21 13
20 13
20 14
19 14
19 15
18 15
18 16
18 17
17 17
17 16
16 16
16 17
16 18
15 18
15 19
15 20
15 21
14 21
13 21
12 21
11 21
10 21
9 21
9 20
8 20
8 21
7 21
7 22
8 22
8 21
7 21
7 22
6 22
5 22
5 21
4 21
3 21
3 20
3 19
3 18
4 18
4 17
4 16
4 15
3 15
3 14
3 13
4 13
4 14
3 14
3 13
4 13
5 13
6 13
6 14
6 15
6 16
6 17
6 18
6 19
6 20
7 20
7 21
7 22
7 23
7 24
7 25
7 26
7 27
7 28
8 28
9 28
9 29
9 30
9 31
10 31
11 31
11 32
11 33
11 34
11 35
11 36
10 36
9 36
8 36
8 37
7 37
7 38
7 39
8 39
8 38
9 38
9 39
10 39
10 40
11 40
11 39
10 39
10 40
9 40
8 40
8 39
8 38
9 38
9 37
10 37
10 38
11 38
11 37
11 36
11 35
11 34
10 34
10 33
10 32
10 31
10 30
9 30
8 30
8 29
7 29
7 28
6 28
6 27
6 26
7 26
8 26
8 25
8 24
9 24
9 23
9 22
9 21
8 21
8 20
8 19
8 18
9 18
9 17
8 17
8 16
9 16
9 15
9 14
10 14
10 13
11 13
11 12
11 11
12 11
12 10
12 9
13 9
14 9
14 8
14 7
15 7
16 7
17 7
17 6
17 5
17 4
18 4
19 4
20 4
20 5
20 6
21 6
21 7
22 7
22 8
22 9
23 9
23 8
24 8
25 8
25 7
26 7
27 7
27 8
27 9
28 9
28 10
28 11
28 12
28 13
27 13
27 14
27 15
28 15
28 16
28 17
28 18
28 19
28 20
28 21
28 22
28 23
27 23
27 22
27 21
28 21
28 22
27 22
