5 56
5 55
5 54
5 53
5 52
5 51
5 50
5 49
5 48
5 47
5 46
5 45
5 44
5 43
5 42
5 41
5 40
5 39
5 38
5 37
5 36
5 35
5 34
5 33
5 32
5 31
5 30
5 29
5 28
5 27
5 26
5 25
5 24
5 23
5 22
5 21
5 20
5 19
5 18
5 17
5 16
5 15
5 14
6 14
6 13
6 12
6 11
6 10
6 9
7 9
7 8
7 7
7 6
7 5
7 4
7 3
7 2
7 1
8 1
8 2
8 3
9 3
9 4
10 4
10 5
10 6
11 6
12 6
13 6
14 6
14 7
14 8
14 9
14 10
15 10
15 11
16 11
16 12
17 12
18 12
18 13
18 14
18 15
19 15
20 15
21 15
21 16
21 17
22 17
23 17
24 17
25 17
25 18
25 19
25 20
25 21
26 21
26 22
27 22
27 23
28 23
28 24
28 25
28 26
29 26
30 26
31 26
32 26
32 27
32 28
32 29
32 30
32 31
32 32
32 33
32 34
32 35
32 36
32 37
32 38
32 39
32 40
32 41
32 42
33 42
33 43
33 44
33 45
33 46
33 47
33 48
33 49
33 50
33 51
33 52
33 53
33 54
33 55
33 56
33 57
33 58
34 58
35 58
36 58
36 59
36 60
37 60
37 61
37 62
37 63
37 64
37 65
37 66
37 67
38 67
38 68
38 69
38 70
39 70
40 70
40 71
41 71
41 72
41 73
41 74
41 75
42 75
43 75
44 75
45 75
46 75
47 75
48 75
49 75
50 75
51 75
52 75
53 75
54 75
55 75
55 74
54 74
54 73
53 73
53 72
52 72
52 71
52 70
52 69
52 68
51 68
51 67
51 66
51 65
51 64
51 63
51 62
51 61
51 60
51 59
51 58
51 57
51 56
51 55
51 54
51 53
51 52
51 51
51 50
51 49
51 48
51 47
51 46
51 45
51 44
51 43
51 42
51 41
51 40
51 39
50 39
50 40
50 41
50 42
50 43
50 44
50 45
50 46
50 47
50 48
50 49
50 50
50 51
50 52
50 53
50 54
50 55
49 55
49 56
48 56
47 56
46 56
45 56
44 56
43 56
42 56
41 56
40 56
39 56
39 55
38 55
37 55
37 54
36 54
36 55
36 56
36 57
36 58
36 59
36 60
36 61
36 62
36 63
36 64
36 65
37 65
38 65
39 65
40 65
40 66
41 66
42 66
42 67
43 67
44 67
45 67
46 67
47 67
48 67
49 67
50 67
51 67
52 67
53 67
54 67
55 67
56 67
56 66
56 65
56 64
56 63
56 62
56 61
56 60
56 59
57 59
57 58
57 57
57 56
57 55
57 54
57 53
57 52
57 51
57 50
57 49
57 48
57 47
57 46
57 45
57 44
57 43
57 42
57 41
57 40
57 39
57 38
57 37
57 36
57 35
57 34
57 33
57 32
57 31
57 30
57 29
57 28
58 28
58 27
58 26
58 25
58 24
59 24
59 23
60 23
61 23
61 22
61 21
61 20
61 19
61 18
61 17
62 17
62 16
62 15
62 14
62 13
62 12
62 11
62 10
62 9
62 8
62 7
61 7
61 8
60 8
59 8
58 8
57 8
56 8
55 8
54 8
53 8
52 8
51 8
50 8
49 8
48 8
47 8
46 8
45 8
44 8
43 8
42 8
41 8
40 8
39 8
38 8
37 8
36 8
35 8
34 8
33 8
32 8
31 8
30 8
29 8
28 8
27 8
26 8
25 8
24 8
23 8
22 8
21 8
20 8
19 8
18 8
17 8
16 8
15 8
14 8
13 8
12 8
11 8
11 9
12 9
13 9
14 9
14 10
14 11
15 11
15 12
15 13
16 13
16 14
17 14
17 15
17 16
17 17
17 18
17 19
18 19
19 19
19 20
20 20
20 21
21 21
21 22
21 23
21 24
21 25
21 26
22 26
23 26
23 27
23 28
24 28
24 29
24 30
24 31
24 32
24 33
24 34
24 35
24 36
25 36
25 37
25 38
25 39
26 39
27 39
28 39
29 39
30 39
30 40
31 40
32 40
33 40
34 40
35 40
36 40
37 40
38 40
39 40
40 40
41 40
42 40
43 40
44 40
45 40
46 40
47 40
48 40
49 40
50 40
51 40
52 40
53 40
54 40
55 40
56 40
57 40
58 40
59 40
60 40
60 39
60 38
60 37
60 36
60 35
60 34
60 33
61 33
61 32
61 31
62 31
63 31
64 31
65 31
65 30
66 30
66 29
66 28
66 27
66 26
67 26
67 25
68 25
68 24
69 24
69 23
70 23
71 23
72 23
73 23
73 22
74 22
74 21
75 21
75 20
76 20
76 19
77 19
78 19
78 18
78 17
78 16
78 15
78 14
78 13
78 12
78 11
79 11
79 10
79 9
79 8
79 7
79 6
79 5
79 4
79 3
79 2
79 1
78 1
77 1
76 1
75 1
75 2
75 3
75 4
75 5
74 5
74 6
73 6
72 6
71 6
70 6
69 6
68 6
67 6
66 6
65 6
64 6
63 6
62 6
61 6
60 6
59 6
58 6
57 6
56 6
55 6
54 6
53 6
52 6
51 6
50 6
49 6
48 6
47 6
46 6
45 6
44 6
43 6
42 6
41 6
40 6
39 6
38 6
37 6
36 6
35 6
34 6
33 6
32 6
31 6
30 6
29 6
28 6
27 6
26 6
25 6
24 6
23 6
22 6
21 6
20 6
19 6
18 6
17 6
16 6
16 7
15 7
14 7
13 7
12 7
11 7
10 7
9 7
8 7
7 7
6 7
5 7
4 7
3 7
2 7
1 7
1 6
2 6
2 5
3 5
4 5
4 4
5 4
6 4
7 4
8 4
8 3
8 2
9 2
10 2
11 2
12 2
13 2
14 2
15 2
16 2
17 2
18 2
19 2
20 2
21 2
22 2
23 2
24 2
25 2
26 2
27 2
28 2
29 2
30 2
31 2
32 2
33 2
34 2
35 2
36 2
37 2
38 2
39 2
40 2
41 2
42 2
43 2
44 2
45 2
46 2
47 2
48 2
49 2
50 2
51 2
52 2
53 2
54 2
55 2
56 2
57 2
58 2
59 2
60 2
61 2
62 2
63 2
64 2
65 2
66 2
67 2
68 2
69 2
70 2
71 2
72 2
72 3
72 4
71 4
70 4
70 5
69 5
69 6
69 7
69 8
69 9
69 10
69 11
68 11
67 11
67 12
66 12
66 13
65 13
65 14
65 15
65 16
64 16
63 16
62 16
61 16
60 16
60 17
60 18
60 19
60 20
60 21
59 21
58 21
58 22
58 23
58 24
57 24
57 25
57 26
56 26
56 27
56 28
56 29
56 30
55 30
55 31
54 31
53 31
53 32
53 33
53 34
53 35
53 36
53 37
53 38
52 38
51 38
50 38
49 38
48 38
47 38
46 38
45 38
44 38
43 38
42 38
41 38
40 38
39 38
38 38
37 38
36 38
35 38
34 38
33 38
32 38
31 38
30 38
29 38
28 38
27 38
26 38
25 38
24 38
23 38
22 38
21 38
20 38
19 38
18 38
17 38
16 38
15 38
14 38
13 38
12 38
11 38
10 38
9 38
8 38
7 38
6 38
5 38
4 38
3 38
2 38
2 37
3 37
3 36
3 35
3 34
4 34
4 33
4 32
4 31
5 31
6 31
7 31
7 30
7 29
7 28
7 27
8 27
8 26
9 26
10 26
10 25
11 25
11 24
11 23
11 22
11 21
11 20
12 20
13 20
13 19
13 18
14 18
15 18
16 18
17 18
18 18
19 18
19 17
20 17
21 17
22 17
22 16
23 16
23 15
24 15
25 15
25 14
26 14
27 14
27 13
28 13
29 13
30 13
31 13
32 13
33 13
34 13
35 13
36 13
37 13
38 13
39 13
40 13
41 13
42 13
43 13
44 13
45 13
46 13
47 13
48 13
49 13
50 13
51 13
52 13
53 13
54 13
55 13
56 13
57 13
58 13
59 13
60 13
61 13
62 13
63 13
64 13
65 13
66 13
67 13
68 13
69 13
70 13
71 13
72 13
73 13
73 14
73 15
73 16
72 16
71 16
71 17
71 18
70 18
70 19
70 20
70 21
70 22
70 23
69 23
69 24
69 25
69 26
69 27
69 28
69 29
69 30
68 30
67 30
66 30
66 31
66 32
65 32
65 33
65 34
65 35
65 36
64 36
64 37
64 38
64 39
64 40
64 41
64 42
63 42
63 43
62 43
61 43
60 43
59 43
58 43
58 44
57 44
56 44
55 44
55 45
54 45
53 45
52 45
51 45
50 45
50 46
50 47
50 48
49 48
49 49
49 50
48 50
47 50
47 51
47 52
46 52
45 52
45 53
44 53
44 54
43 54
42 54
41 54
40 54
39 54
38 54
37 54
36 54
35 54
34 54
34 55
33 55
32 55
31 55
30 55
29 55
28 55
27 55
26 55
25 55
24 55
23 55
22 55
21 55
20 55
19 55
18 55
17 55
17 56
16 56
15 56
14 56
13 56
12 56
11 56
10 56
9 56
8 56
7 56
6 56
5 56
4 56
3 56
2 56
1 56
1 55
2 55
2 54
3 54
4 54
4 53
4 52
5 52
5 51
5 50
5 49
6 49
7 49
8 49
9 49
10 49
10 48
10 47
11 47
12 47
12 46
13 46
14 46
15 46
16 46
17 46
18 46
19 46
20 46
21 46
22 46
23 46
24 46
25 46
26 46
27 46
28 46
29 46
30 46
31 46
32 46
33 46
34 46
35 46
35 45
35 44
36 44
37 44
37 43
37 42
37 41
38 41
38 40
38 39
39 39
39 38
39 37
39 36
39 35
39 34
40 34
40 33
41 33
42 33
43 33
43 32
44 32
45 32
46 32
46 31
47 31
48 31
49 31
50 31
50 30
50 29
51 29
52 29
53 29
54 29
55 29
56 29
57 29
57 28
57 27
57 26
58 26
59 26
59 25
60 25
61 25
61 24
62 24
63 24
64 24
65 24
66 24
67 24
67 23
67 22
68 22
68 23
68 24
68 25
68 26
68 27
68 28
68 29
68 30
68 31
68 32
67 32
67 33
66 33
66 34
66 35
66 36
66 37
66 38
65 38
64 38
64 39
64 40
64 41
64 42
64 43
63 43
63 44
63 45
63 46
62 46
62 47
62 48
62 49
61 49
61 50
60 50
59 50
59 51
58 51
57 51
56 51
55 51
55 52
55 53
55 54
55 55
55 56
55 57
55 58
55 59
55 60
55 61
55 62
54 62
54 63
54 64
54 65
54 66
54 67
54 68
54 69
54 70
54 71
54 72
54 73
54 74
54 75
54 76
53 76
52 76
51 76
50 76
50 77
49 77
48 77
47 77
46 77
45 77
44 77
43 77
42 77
41 77
40 77
39 77
39 78
38 78
37 78
36 78
35 78
34 78
33 78
33 77
33 76
32 76
31 76
30 76
29 76
28 76
27 76
26 76
25 76
24 76
23 76
22 76
21 76
21 75
20 75
19 75
18 75
18 74
18 73
18 72
18 71
17 71
16 71
15 71
14 71
13 71
12 71
12 70
11 70
10 70
10 69
10 68
10 67
11 67
11 66
12 66
12 65
12 64
12 63
13 63
13 62
14 62
14 61
14 60
14 59
14 58
15 58
16 58
17 58
18 58
19 58
19 57
19 56
20 56
21 56
21 55
22 55
22 54
23 54
23 53
24 53
25 53
26 53
27 53
28 53
29 53
30 53
31 53
32 53
33 53
34 53
35 53
36 53
37 53
38 53
39 53
40 53
41 53
42 53
43 53
44 53
45 53
46 53
47 53
48 53
49 53
50 53
51 53
52 53
53 53
54 53
55 53
55 52
56 52
57 52
57 51
58 51
58 52
58 53
58 54
58 55
58 56
58 57
58 58
58 59
58 60
58 61
58 62
58 63
58 64
58 65
58 66
58 67
58 68
58 69
58 70
57 70
56 70
56 71
56 72
56 73
55 73
54 73
53 73
52 73
51 73
50 73
49 73
48 73
47 73
46 73
45 73
45 72
44 72
43 72
42 72
42 71
42 70
42 69
42 68
42 67
42 66
41 66
40 66
40 65
40 64
40 63
39 63
38 63
38 62
38 61
38 60
37 60
36 60
36 59
35 59
34 59
33 59
32 59
32 58
31 58
30 58
30 57
29 57
29 56
28 56
27 56
26 56
26 55
25 55
24 55
24 54
24 53
23 53
23 52
23 51
23 50
23 49
22 49
21 49
20 49
20 48
20 47
20 46
20 45
20 44
19 44
19 43
19 42
19 41
19 40
18 40
18 39
18 38
18 37
18 36
18 35
18 34
18 33
18 32
18 31
18 30
18 29
18 28
18 27
18 26
18 25
18 24
18 23
18 22
18 21
18 20
18 19
18 18
18 17
18 16
18 15
18 14
18 13
18 12
19 12
19 13
19 14
19 15
19 16
20 16
20 17
20 18
20 19
20 20
20 21
20 22
20 23
20 24
20 25
20 26
20 27
20 28
20 29
20 30
20 31
20 32
21 32
22 32
22 33
22 34
23 34
23 35
24 35
24 36
24 37
24 38
24 39
24 40
24 41
24 42
24 43
24 44
25 44
25 45
26 45
27 45
27 46
27 47
27 48
27 49
28 49
29 49
30 49
31 49
32 49
33 49
34 49
34 50
34 51
34 52
35 52
35 53
36 53
37 53
38 53
39 53
40 53
41 53
42 53
43 53
44 53
45 53
46 53
47 53
48 53
49 53
49 52
48 52
47 52
47 51
47 50
47 49
46 49
45 49
44 49
43 49
43 48
43 47
43 46
43 45
43 44
43 43
43 42
43 41
43 40
43 39
43 38
43 37
43 36
43 35
43 34
43 33
43 32
43 31
43 30
43 29
43 28
43 27
43 26
43 25
43 24
42 24
42 25
42 26
42 27
41 27
41 28
41 29
41 30
41 31
41 32
40 32
40 33
40 34
40 35
40 36
40 37
40 38
40 39
40 40
40 41
40 42
40 43
40 44
40 45
40 46
40 47
40 48
39 48
39 49
39 50
39 51
39 52
39 53
39 54
39 55
39 56
39 57
39 58
39 59
39 60
39 61
39 62
39 63
39 64
39 65
39 66
39 67
39 68
39 69
39 70
39 71
38 71
37 71
37 72
37 73
37 74
37 75
37 76
36 76
36 75
36 74
36 73
36 72
36 71
36 70
36 69
36 68
37 68
37 67
38 67
38 66
38 65
38 64
38 63
38 62
38 61
38 60
38 59
38 58
38 57
38 56
38 55
38 54
38 53
38 52
38 51
38 50
38 49
38 48
38 47
38 46
38 45
38 44
38 43
38 42
38 41
38 40
38 39
38 38
38 37
38 36
38 35
38 34
38 33
38 32
38 31
38 30
38 29
38 28
38 27
38 26
38 25
38 24
38 23
38 22
38 21
37 21
36 21
36 22
36 23
36 24
36 25
35 25
35 26
35 27
35 28
35 29
35 30
35 31
35 32
35 33
35 34
35 35
35 36
35 37
35 38
35 39
35 40
35 41
35 42
35 43
35 44
35 45
35 46
35 47
35 48
34 48
34 49
33 49
32 49
32 50
32 51
32 52
32 53
32 54
32 55
32 56
32 57
32 58
31 58
31 59
30 59
29 59
28 59
28 60
28 61
29 61
29 60
30 60
31 60
32 60
33 60
33 59
33 58
34 58
34 57
35 57
35 56
36 56
36 55
36 54
37 54
37 53
37 52
37 51
38 51
39 51
39 50
39 49
39 48
39 47
39 46
40 46
40 45
40 44
40 43
40 42
40 41
40 40
40 39
40 38
41 38
41 37
41 36
41 35
42 35
43 35
43 34
44 34
45 34
46 34
47 34
48 34
49 34
50 34
51 34
52 34
53 34
54 34
54 33
55 33
56 33
56 32
56 31
57 31
57 30
58 30
58 29
58 28
58 27
58 26
58 25
58 24
58 23
58 22
58 21
58 20
58 19
58 18
58 17
57 17
57 18
56 18
56 19
56 20
56 21
55 21
55 22
54 22
54 23
54 24
54 25
53 25
52 25
52 26
52 27
51 27
51 28
51 29
51 30
51 31
51 32
51 33
50 33
50 34
50 35
50 36
50 37
50 38
50 39
50 40
50 41
50 42
50 43
50 44
50 45
49 45
49 46
49 47
49 48
49 49
49 50
49 51
49 52
49 53
49 54
49 55
48 55
47 55
46 55
45 55
45 56
45 57
45 58
45 59
45 60
44 60
43 60
43 61
42 61
42 62
43 62
44 62
45 62
46 62
46 61
46 60
46 59
46 58
47 58
47 57
48 57
49 57
49 56
50 56
50 55
51 55
51 54
51 53
51 52
51 51
51 50
52 50
52 49
53 49
54 49
54 48
54 47
54 46
54 45
54 44
54 43
54 42
54 41
54 40
54 39
54 38
54 37
55 37
55 36
55 35
56 35
56 34
56 33
56 32
57 32
58 32
59 32
59 31
59 30
59 29
60 29
61 29
62 29
62 28
62 27
62 26
62 25
62 24
62 23
63 23
64 23
65 23
65 22
66 22
66 21
67 21
68 21
68 20
68 19
68 18
69 18
70 18
71 18
71 17
71 16
71 15
72 15
72 14
72 13
73 13
74 13
74 12
75 12
76 12
76 11
75 11
74 11
73 11
72 11
71 11
71 12
71 13
71 14
70 14
69 14
68 14
67 14
66 14
65 14
64 14
64 15
64 16
63 16
62 16
62 17
62 18
62 19
61 19
60 19
60 20
59 20
59 21
58 21
58 22
58 23
57 23
57 24
57 25
57 26
56 26
56 27
55 27
54 27
54 28
54 29
54 30
53 30
52 30
51 30
51 31
51 32
51 33
51 34
51 35
50 35
49 35
49 36
48 36
48 37
47 37
46 37
46 38
45 38
45 39
45 40
45 41
44 41
44 42
43 42
43 43
43 44
43 45
42 45
42 46
41 46
41 47
41 48
41 49
41 50
41 51
41 52
40 52
40 53
40 54
40 55
40 56
40 57
39 57
38 57
38 58
38 59
38 60
38 61
38 62
38 63
38 64
37 64
37 65
37 66
37 67
36 67
35 67
34 67
33 67
32 67
32 68
32 69
32 70
32 71
32 72
32 73
31 73
31 74
30 74
30 75
29 75
28 75
27 75
26 75
25 75
24 75
23 75
22 75
21 75
21 76
21 77
21 78
21 79
21 80
20 80
19 80
18 80
17 80
16 80
15 80
14 80
13 80
12 80
11 80
10 80
9 80
8 80
7 80
6 80
5 80
4 80
3 80
2 80
1 80
1 79
2 79
2 78
2 77
2 76
2 75
2 74
2 73
3 73
3 72
4 72
4 71
5 71
6 71
6 70
7 70
7 69
7 68
8 68
9 68
9 67
10 67
11 67
11 66
12 66
13 66
13 65
14 65
14 64
14 63
15 63
16 63
17 63
18 63
19 63
20 63
21 63
21 62
21 61
21 60
22 60
23 60
24 60
25 60
25 59
25 58
24 58
24 57
24 56
24 55
23 55
22 55
22 54
21 54
20 54
20 53
19 53
18 53
17 53
17 52
16 52
15 52
14 52
14 51
13 51
13 50
13 49
13 48
13 47
13 46
13 45
13 44
13 43
13 42
13 41
13 40
13 39
13 38
13 37
13 36
13 35
13 34
13 33
13 32
13 31
13 30
13 29
13 28
13 27
13 26
13 25
13 24
13 23
13 22
13 21
13 20
13 19
13 18
13 17
13 16
13 15
13 14
13 13
13 12
13 11
14 11
14 12
14 13
15 13
15 14
15 15
15 16
15 17
15 18
15 19
15 20
16 20
16 21
17 21
17 22
17 23
17 24
17 25
18 25
19 25
20 25
20 26
21 26
22 26
22 27
23 27
23 28
24 28
25 28
26 28
27 28
28 28
28 29
29 29
30 29
31 29
32 29
33 29
33 28
32 28
31 28
30 28
29 28
29 27
28 27
27 27
26 27
25 27
25 26
24 26
23 26
23 25
22 25
21 25
21 24
21 23
20 23
20 22
20 21
20 20
21 20
22 20
22 21
22 22
22 23
23 23
24 23
25 23
26 23
27 23
28 23
29 23
30 23
31 23
31 24
32 24
33 24
33 25
33 26
33 27
33 28
32 28
31 28
30 28
29 28
28 28
27 28
26 28
25 28
24 28
23 28
22 28
21 28
21 27
20 27
20 28
20 29
20 30
20 31
20 32
20 33
20 34
20 35
20 36
20 37
20 38
20 39
20 40
20 41
20 42
20 43
20 44
20 45
20 46
20 47
21 47
21 48
21 49
22 49
23 49
23 50
24 50
24 51
25 51
25 52
26 52
27 52
28 52
28 53
28 54
28 55
28 56
28 57
28 58
28 59
28 60
29 60
29 61
30 61
31 61
32 61
33 61
34 61
35 61
36 61
37 61
38 61
39 61
40 61
41 61
42 61
43 61
44 61
45 61
46 61
47 61
48 61
49 61
50 61
51 61
52 61
53 61
54 61
55 61
55 60
55 59
55 58
55 57
55 56
55 55
55 54
55 53
55 52
55 51
55 50
55 49
56 49
56 48
56 47
56 46
56 45
56 44
56 43
56 42
56 41
57 41
58 41
58 40
59 40
59 39
59 38
60 38
60 37
61 37
61 36
61 35
62 35
63 35
64 35
65 35
65 34
66 34
66 33
67 33
67 32
67 31
68 31
68 30
68 29
68 28
68 27
68 26
68 25
68 24
68 23
68 22
68 21
68 20
68 19
69 19
69 20
69 21
69 22
69 23
69 24
69 25
69 26
69 27
69 28
69 29
69 30
70 30
70 31
70 32
70 33
70 34
70 35
70 36
70 37
70 38
70 39
70 40
71 40
71 41
72 41
73 41
73 42
73 43
73 44
73 45
73 46
73 47
73 48
74 48
75 48
75 47
76 47
76 46
76 45
76 44
76 43
77 43
77 42
77 41
77 40
77 39
77 38
77 37
77 36
77 35
78 35
78 36
78 37
78 38
78 39
78 40
78 41
78 42
78 43
78 44
78 45
78 46
78 47
78 48
77 48
76 48
76 49
76 50
75 50
74 50
74 51
74 52
73 52
73 53
73 54
72 54
72 55
71 55
70 55
69 55
69 56
69 57
69 58
68 58
67 58
67 59
67 60
67 61
67 62
66 62
66 63
66 64
66 65
65 65
64 65
64 66
63 66
62 66
61 66
61 67
61 68
60 68
59 68
58 68
57 68
56 68
55 68
54 68
53 68
52 68
51 68
50 68
49 68
48 68
47 68
46 68
45 68
44 68
44 69
43 69
42 69
41 69
40 69
39 69
38 69
37 69
36 69
35 69
34 69
33 69
32 69
31 69
30 69
29 69
28 69
27 69
27 68
28 68
29 68
30 68
31 68
32 68
33 68
34 68
34 67
34 66
35 66
36 66
37 66
38 66
39 66
40 66
41 66
42 66
43 66
44 66
45 66
46 66
47 66
47 65
47 64
47 63
48 63
49 63
50 63
51 63
52 63
53 63
53 62
54 62
55 62
55 61
55 60
55 59
56 59
56 58
56 57
57 57
57 56
57 55
58 55
58 54
58 53
59 53
60 53
60 52
60 51
60 50
60 49
60 48
61 48
61 47
61 46
61 45
61 44
61 43
61 42
61 41
61 40
61 39
61 38
61 37
61 36
61 35
61 34
61 33
61 32
61 31
61 30
61 29
61 28
61 27
61 26
61 25
61 24
62 24
62 25
62 26
63 26
63 27
63 28
63 29
63 30
63 31
63 32
63 33
63 34
63 35
63 36
63 37
63 38
64 38
64 39
64 40
64 41
64 42
64 43
65 43
65 44
66 44
66 45
66 46
67 46
68 46
69 46
69 47
69 48
69 49
69 50
69 51
69 52
69 53
69 54
69 55
69 56
69 57
69 58
69 59
69 60
69 61
69 62
69 63
69 64
69 65
70 65
71 65
71 66
72 66
73 66
73 67
74 67
74 68
73 68
72 68
71 68
70 68
69 68
68 68
67 68
66 68
66 67
65 67
64 67
63 67
63 66
63 65
62 65
62 64
61 64
60 64
59 64
59 63
59 62
59 61
58 61
57 61
56 61
55 61
54 61
53 61
53 62
52 62
51 62
50 62
49 62
48 62
47 62
46 62
45 62
44 62
43 62
42 62
41 62
40 62
39 62
38 62
37 62
36 62
35 62
34 62
33 62
32 62
31 62
30 62
29 62
28 62
27 62
26 62
25 62
24 62
23 62
22 62
21 62
20 62
19 62
18 62
17 62
16 62
15 62
14 62
14 61
14 60
14 59
14 58
14 57
14 56
15 56
16 56
16 55
16 54
17 54
17 53
18 53
18 52
18 51
18 50
18 49
18 48
18 47
18 46
18 45
18 44
18 43
18 42
18 41
18 40
18 39
18 38
18 37
19 37
19 36
19 35
20 35
21 35
22 35
23 35
23 34
23 33
23 32
23 31
23 30
23 29
23 28
23 27
23 26
23 25
23 24
23 23
23 22
23 21
23 20
23 19
23 18
23 17
23 16
24 16
24 15
24 14
24 13
24 12
25 12
26 12
26 11
26 10
27 10
28 10
29 10
29 9
29 8
29 7
29 6
30 6
31 6
32 6
33 6
34 6
35 6
36 6
37 6
38 6
39 6
40 6
41 6
42 6
43 6
44 6
44 7
45 7
45 8
45 9
45 10
45 11
46 11
46 12
46 13
47 13
47 14
47 15
47 16
47 17
47 18
47 19
47 20
47 21
47 22
47 23
47 24
47 25
47 26
47 27
47 28
47 29
47 30
48 30
48 31
49 31
49 32
49 33
49 34
49 35
49 36
50 36
51 36
51 37
51 38
51 39
52 39
53 39
54 39
55 39
56 39
57 39
58 39
59 39
60 39
61 39
61 38
61 37
61 36
61 35
61 34
61 33
61 32
60 32
59 32
59 31
58 31
58 30
58 29
58 28
58 27
58 26
59 26
59 25
60 25
60 24
60 23
60 22
60 21
60 20
60 19
60 18
60 17
60 16
59 16
58 16
57 16
56 16
55 16
54 16
53 16
52 16
51 16
50 16
49 16
48 16
47 16
46 16
45 16
44 16
43 16
42 16
41 16
40 16
39 16
38 16
37 16
36 16
35 16
34 16
33 16
32 16
31 16
30 16
29 16
28 16
27 16
26 16
25 16
24 16
23 16
22 16
21 16
20 16
19 16
18 16
17 16
16 16
16 15
15 15
15 16
15 17
15 18
15 19
16 19
17 19
17 20
18 20
18 21
19 21
20 21
20 22
21 22
21 23
21 24
21 25
22 25
22 26
22 27
23 27
23 28
24 28
24 29
25 29
25 30
25 31
25 32
25 33
25 34
25 35
25 36
25 37
25 38
25 39
25 40
26 40
26 41
27 41
27 42
27 43
27 44
28 44
28 45
28 46
28 47
28 48
28 49
28 50
28 51
28 52
28 53
29 53
29 54
29 55
29 56
29 57
29 58
29 59
29 60
29 61
30 61
31 61
32 61
33 61
34 61
35 61
36 61
37 61
38 61
39 61
40 61
41 61
42 61
43 61
44 61
45 61
45 62
44 62
43 62
42 62
41 62
40 62
39 62
38 62
37 62
36 62
35 62
34 62
33 62
32 62
31 62
30 62
29 62
28 62
27 62
26 62
26 61
26 60
25 60
24 60
23 60
23 59
22 59
21 59
21 58
20 58
20 57
20 56
19 56
18 56
17 56
16 56
15 56
15 55
15 54
15 53
14 53
14 52
13 52
12 52
12 51
12 50
11 50
11 49
11 48
11 47
11 46
11 45
11 44
11 43
11 42
11 41
11 40
11 39
11 38
11 37
11 36
11 35
11 34
11 33
11 32
11 31
11 30
11 29
11 28
11 27
11 26
11 25
11 24
11 23
11 22
11 21
11 20
11 19
11 18
11 17
11 16
11 15
11 14
11 13
11 12
11 11
11 10
11 9
12 9
12 10
12 11
12 12
12 13
12 14
12 15
12 16
12 17
12 18
12 19
12 20
12 21
13 21
13 22
13 23
14 23
14 24
14 25
14 26
14 27
15 27
15 28
16 28
16 29
16 30
17 30
17 31
17 32
18 32
18 33
18 34
19 34
19 35
20 35
21 35
21 36
22 36
22 37
22 38
22 39
23 39
23 40
24 40
25 40
26 40
26 41
27 41
28 41
28 42
28 43
28 44
28 45
28 46
28 47
28 48
28 49
28 50
28 51
28 52
28 53
28 54
28 55
28 56
28 57
28 58
28 59
28 60
28 61
28 62
28 63
28 64
28 65
28 66
29 66
29 67
30 67
30 68
30 69
30 70
30 71
30 72
30 73
30 74
30 75
29 75
28 75
27 75
26 75
25 75
24 75
23 75
22 75
21 75
20 75
19 75
19 74
19 73
19 72
19 71
19 70
19 69
19 68
19 67
19 66
19 65
19 64
19 63
19 62
20 62
21 62
22 62
22 61
22 60
22 59
22 58
23 58
23 57
23 56
24 56
25 56
25 55
26 55
26 54
26 53
26 52
26 51
26 50
26 49
26 48
26 47
26 46
26 45
26 44
26 43
26 42
26 41
26 40
26 39
26 38
26 37
26 36
26 35
26 34
26 33
26 32
26 31
26 30
26 29
26 28
26 27
26 26
26 25
26 24
26 23
26 22
26 21
26 20
26 19
26 18
27 18
27 19
27 20
27 21
27 22
27 23
27 24
27 25
27 26
27 27
27 28
27 29
27 30
27 31
27 32
27 33
27 34
27 35
27 36
27 37
27 38
27 39
27 40
27 41
27 42
28 42
28 43
29 43
29 44
30 44
31 44
32 44
33 44
33 43
33 42
33 41
33 40
33 39
34 39
34 38
34 37
34 36
34 35
34 34
34 33
34 32
34 31
34 30
34 29
35 29
35 28
35 27
35 26
36 26
37 26
38 26
39 26
40 26
40 25
40 24
41 24
42 24
43 24
44 24
45 24
46 24
47 24
48 24
49 24
50 24
51 24
52 24
52 23
53 23
54 23
55 23
56 23
57 23
58 23
59 23
60 23
61 23
62 23
62 22
62 21
63 21
63 20
63 19
64 19
64 18
65 18
65 19
65 20
65 21
64 21
64 22
63 22
63 23
63 24
63 25
62 25
61 25
61 26
60 26
59 26
59 27
59 28
58 28
58 29
57 29
57 30
57 31
56 31
56 32
55 32
55 33
55 34
55 35
55 36
55 37
55 38
55 39
55 40
55 41
54 41
54 42
53 42
52 42
51 42
51 43
51 44
50 44
50 45
50 46
50 47
50 48
50 49
49 49
49 50
49 51
48 51
47 51
47 52
46 52
45 52
44 52
43 52
43 53
42 53
42 52
42 51
42 50
42 49
42 48
43 48
43 47
44 47
45 47
45 46
45 45
46 45
47 45
47 44
47 43
46 43
45 43
44 43
43 43
42 43
41 43
40 43
40 42
39 42
38 42
37 42
36 42
35 42
34 42
33 42
33 41
32 41
31 41
30 41
29 41
28 41
27 41
26 41
25 41
24 41
23 41
23 40
22 40
21 40
20 40
19 40
19 39
18 39
17 39
16 39
16 38
16 37
15 37
15 36
15 35
15 34
15 33
15 32
15 31
15 30
15 29
15 28
15 27
15 26
15 25
15 24
15 23
14 23
13 23
12 23
11 23
10 23
9 23
9 22
9 21
10 21
11 21
12 21
13 21
14 21
14 22
15 22
16 22
16 23
16 24
16 25
16 26
16 27
16 28
16 29
16 30
16 31
16 32
16 33
16 34
17 34
18 34
19 34
20 34
21 34
22 34
23 34
24 34
25 34
26 34
27 34
28 34
29 34
30 34
31 34
32 34
32 35
32 36
32 37
32 38
32 39
31 39
30 39
29 39
28 39
28 40
27 40
26 40
25 40
24 40
23 40
22 40
21 40
20 40
19 40
18 40
17 40
17 39
16 39
16 38
15 38
14 38
13 38
13 37
12 37
11 37
10 37
9 37
8 37
8 36
7 36
7 37
7 38
7 39
7 40
8 40
8 41
8 42
8 43
9 43
9 44
10 44
10 45
11 45
11 46
12 46
12 47
12 48
12 49
13 49
13 50
13 51
13 52
14 52
14 53
14 54
15 54
15 55
16 55
17 55
18 55
19 55
20 55
21 55
22 55
23 55
24 55
25 55
26 55
27 55
28 55
29 55
30 55
31 55
32 55
33 55
34 55
35 55
36 55
37 55
38 55
39 55
40 55
41 55
42 55
43 55
44 55
45 55
46 55
47 55
48 55
49 55
50 55
51 55
52 55
53 55
54 55
55 55
56 55
57 55
58 55
59 55
59 54
58 54
58 53
58 52
58 51
58 50
58 49
58 48
58 47
58 46
58 45
58 44
58 43
58 42
58 41
58 40
58 39
58 38
58 37
58 36
58 35
58 34
58 33
58 32
58 31
58 30
58 29
58 28
58 27
58 26
58 25
58 24
58 23
58 22
58 21
58 20
58 19
58 18
58 17
58 16
58 15
58 14
58 13
58 12
58 11
58 10
58 9
58 8
58 7
58 6
57 6
57 7
57 8
56 8
55 8
55 9
55 10
55 11
55 12
55 13
55 14
55 15
54 15
54 16
53 16
53 17
53 18
53 19
53 20
53 21
52 21
52 22
52 23
52 24
51 24
50 24
50 25
49 25
48 25
48 26
48 27
47 27
46 27
46 28
46 29
46 30
46 31
46 32
45 32
44 32
44 33
43 33
43 34
43 35
43 36
42 36
42 37
42 38
42 39
42 40
41 40
40 40
40 41
40 42
40 43
39 43
38 43
38 44
37 44
37 45
37 46
37 47
37 48
36 48
36 49
36 50
36 51
36 52
36 53
36 54
36 55
36 56
35 56
35 57
35 58
35 59
35 60
35 61
35 62
35 63
35 64
35 65
34 65
33 65
33 66
33 67
33 68
32 68
31 68
30 68
29 68
28 68
27 68
26 68
25 68
24 68
23 68
23 67
22 67
21 67
21 66
20 66
19 66
19 65
18 65
18 64
17 64
17 63
17 62
17 61
16 61
16 60
15 60
14 60
13 60
13 59
12 59
11 59
10 59
9 59
9 58
8 58
8 57
8 56
8 55
7 55
7 54
6 54
6 53
6 52
5 52
5 51
5 50
4 50
4 49
3 49
2 49
2 48
1 48
1 47
1 46
1 45
1 44
1 43
1 42
1 41
1 40
1 39
1 38
1 37
1 36
1 35
1 34
1 33
1 32
1 31
1 30
1 29
1 28
1 27
1 26
1 25
1 24
1 23
1 22
1 21
2 21
2 22
2 23
2 24
3 24
4 24
4 25
5 25
6 25
6 26
6 27
7 27
8 27
8 28
9 28
9 29
9 30
9 31
9 32
9 33
9 34
9 35
9 36
9 37
9 38
9 39
10 39
10 40
10 41
11 41
11 42
11 43
11 44
11 45
12 45
13 45
13 46
14 46
15 46
16 46
17 46
18 46
19 46
20 46
21 46
22 46
23 46
24 46
25 46
26 46
27 46
28 46
29 46
30 46
30 47
29 47
28 47
27 47
26 47
26 48
25 48
25 49
24 49
24 50
24 51
24 52
23 52
22 52
22 53
22 54
22 55
22 56
22 57
21 57
21 58
21 59
21 60
21 61
21 62
20 62
19 62
18 62
18 63
17 63
16 63
15 63
15 64
15 65
15 66
15 67
14 67
14 68
14 69
14 70
14 71
14 72
13 72
13 73
12 73
11 73
11 74
11 75
11 76
11 77
10 77
9 77
8 77
7 77
6 77
6 76
6 75
6 74
6 73
6 72
7 72
8 72
8 71
8 70
9 70
9 69
9 68
10 68
10 67
11 67
11 66
11 65
11 64
11 63
11 62
11 61
11 60
11 59
11 58
11 57
11 56
11 55
12 55
12 54
13 54
13 53
13 52
13 51
13 50
13 49
13 48
13 47
14 47
15 47
16 47
17 47
18 47
19 47
20 47
21 47
21 46
21 45
21 44
21 43
22 43
22 42
22 41
22 40
23 40
23 39
23 38
23 37
23 36
24 36
24 35
24 34
24 33
24 32
24 31
24 30
25 30
25 29
26 29
26 28
26 27
26 26
26 25
26 24
26 23
27 23
28 23
28 22
29 22
29 21
30 21
30 20
30 19
31 19
31 18
32 18
33 18
33 17
33 16
34 16
34 15
34 14
34 13
35 13
36 13
37 13
38 13
39 13
40 13
40 12
40 11
40 10
41 10
42 10
43 10
44 10
45 10
46 10
47 10
47 9
47 8
48 8
49 8
50 8
51 8
52 8
53 8
54 8
55 8
56 8
57 8
58 8
59 8
60 8
61 8
62 8
63 8
64 8
65 8
66 8
67 8
68 8
68 7
69 7
70 7
71 7
72 7
73 7
74 7
75 7
76 7
77 7
77 8
77 9
77 10
77 11
76 11
76 12
76 13
75 13
74 13
73 13
73 14
73 15
73 16
73 17
73 18
73 19
73 20
73 21
73 22
73 23
73 24
73 25
73 26
73 27
73 28
73 29
73 30
73 31
73 32
73 33
73 34
73 35
73 36
73 37
73 38
73 39
73 40
73 41
73 42
73 43
73 44
73 45
73 46
73 47
73 48
73 49
73 50
73 51
73 52
73 53
73 54
73 55
73 56
73 57
73 58
73 59
