67 96
66 96
65 96
65 95
65 94
65 93
64 93
63 93
62 93
61 93
60 93
60 92
60 91
60 90
59 90
59 89
58 89
57 89
56 89
56 88
56 87
55 87
54 87
53 87
52 87
52 86
51 86
50 86
49 86
48 86
47 86
46 86
45 86
44 86
43 86
42 86
42 85
42 84
42 83
41 83
40 83
39 83
38 83
37 83
36 83
36 82
36 81
36 80
36 79
35 79
34 79
33 79
32 79
31 79
30 79
29 79
28 79
27 79
26 79
25 79
24 79
23 79
22 79
21 79
20 79
19 79
18 79
17 79
17 78
17 77
16 77
15 77
15 76
15 75
15 74
14 74
14 73
14 72
13 72
12 72
11 72
11 71
10 71
9 71
9 70
9 69
9 68
9 67
9 66
9 65
8 65
8 64
8 63
8 62
7 62
6 62
5 62
4 62
3 62
2 62
2 61
2 60
2 59
2 58
2 57
2 56
2 55
2 54
2 53
1 53
1 54
2 54
2 55
2 56
2 57
2 58
2 59
2 60
2 61
2 62
2 63
2 64
2 65
2 66
2 67
2 68
2 69
2 70
2 71
2 72
2 73
2 74
2 75
2 76
2 77
2 78
2 79
2 80
2 81
2 82
2 83
2 84
2 85
2 86
2 87
2 88
2 89
2 90
2 91
2 92
2 93
2 94
2 95
2 96
2 97
2 98
3 98
4 98
4 97
4 96
4 95
4 94
4 93
4 92
5 92
5 91
5 90
5 89
5 88
5 87
5 86
5 85
5 84
5 83
5 82
5 81
5 80
5 79
5 78
5 77
5 76
5 75
5 74
5 73
5 72
5 71
5 70
5 69
5 68
5 67
5 66
5 65
5 64
5 63
5 62
5 61
5 60
5 59
5 58
6 58
6 57
6 56
6 55
6 54
6 53
6 52
6 51
7 51
8 51
8 50
8 49
8 48
8 47
8 46
8 45
8 44
8 43
8 42
8 41
8 40
8 39
8 38
8 37
8 36
8 35
9 35
9 34
9 33
10 33
11 33
12 33
13 33
14 33
15 33
16 33
17 33
18 33
19 33
20 33
21 33
21 32
22 32
23 32
24 32
24 31
24 30
24 29
24 28
25 28
25 27
26 27
26 26
26 25
27 25
28 25
28 24
29 24
30 24
31 24
32 24
33 24
34 24
35 24
36 24
37 24
38 24
39 24
40 24
41 24
42 24
43 24
44 24
45 24
46 24
46 25
46 26
45 26
44 26
43 26
42 26
41 26
40 26
39 26
38 26
38 27
38 28
38 29
38 30
37 30
36 30
36 31
35 31
34 31
33 31
32 31
31 31
30 31
29 31
28 31
27 31
26 31
25 31
24 31
24 32
24 33
24 34
23 34
22 34
21 34
20 34
20 35
19 35
19 36
19 37
19 38
18 38
18 39
17 39
17 40
17 41
17 42
17 43
17 44
17 45
16 45
15 45
15 46
15 47
15 48
15 49
15 50
15 51
15 52
14 52
13 52
13 53
13 54
13 55
13 56
13 57
13 58
13 59
13 60
13 61
13 62
13 63
13 64
13 65
13 66
13 67
13 68
14 68
15 68
16 68
17 68
17 69
17 70
18 70
19 70
19 71
20 71
21 71
21 72
21 73
22 73
22 74
22 75
22 76
23 76
24 76
25 76
26 76
27 76
28 76
29 76
30 76
31 76
32 76
33 76
34 76
35 76
36 76
37 76
38 76
39 76
40 76
40 77
40 78
41 78
42 78
43 78
44 78
45 78
45 79
46 79
47 79
48 79
49 79
50 79
51 79
52 79
53 79
54 79
55 79
56 79
57 79
58 79
58 80
59 80
60 80
61 80
61 81
62 81
63 81
63 82
64 82
65 82
66 82
67 82
68 82
68 81
68 80
68 79
67 79
66 79
65 79
64 79
63 79
62 79
61 79
60 79
60 78
60 77
60 76
60 75
59 75
58 75
57 75
56 75
55 75
54 75
53 75
52 75
51 75
50 75
49 75
48 75
48 74
48 73
48 72
47 72
46 72
45 72
44 72
43 72
42 72
41 72
40 72
39 72
38 72
38 71
38 70
37 70
37 69
37 68
36 68
36 67
36 66
35 66
35 65
34 65
34 64
34 63
34 62
34 61
34 60
34 59
34 58
34 57
34 56
34 55
34 54
33 54
33 53
33 52
33 51
33 50
33 49
33 48
33 47
33 46
33 45
33 44
33 43
33 42
33 41
33 40
33 39
33 38
33 37
33 36
33 35
33 34
33 33
32 33
32 32
32 31
32 30
32 29
32 28
32 27
32 26
32 25
32 24
31 24
31 25
30 25
29 25
28 25
27 25
27 26
27 27
27 28
27 29
27 30
27 31
27 32
27 33
27 34
27 35
27 36
27 37
27 38
27 39
27 40
27 41
27 42
27 43
27 44
27 45
27 46
27 47
27 48
27 49
27 50
27 51
27 52
27 53
27 54
26 54
26 55
26 56
26 57
26 58
26 59
26 60
26 61
26 62
26 63
26 64
25 64
25 65
25 66
25 67
25 68
25 69
25 70
25 71
25 72
25 73
25 74
25 75
25 76
25 77
25 78
25 79
25 80
25 81
25 82
25 83
25 84
25 85
25 86
25 87
25 88
25 89
25 90
25 91
25 92
25 93
25 94
24 94
24 93
24 92
24 91
24 90
24 89
24 88
24 87
23 87
23 86
23 85
23 84
22 84
21 84
20 84
19 84
18 84
18 83
18 82
18 81
18 80
18 79
18 78
18 77
18 76
18 75
18 74
18 73
18 72
17 72
17 71
17 70
17 69
17 68
17 67
17 66
17 65
17 64
17 63
17 62
17 61
17 60
17 59
17 58
17 57
18 57
18 56
18 55
18 54
18 53
18 52
18 51
19 51
20 51
21 51
22 51
22 50
23 50
24 50
24 49
25 49
26 49
26 48
26 47
27 47
27 46
27 45
27 44
28 44
29 44
30 44
31 44
31 43
31 42
32 42
33 42
33 41
34 41
35 41
35 40
35 39
35 38
35 37
35 36
36 36
37 36
38 36
38 35
39 35
40 35
41 35
42 35
43 35
44 35
45 35
46 35
47 35
48 35
49 35
50 35
51 35
52 35
53 35
54 35
55 35
56 35
57 35
58 35
59 35
60 35
61 35
62 35
63 35
64 35
64 34
64 33
63 33
62 33
61 33
60 33
60 32
59 32
58 32
57 32
56 32
55 32
55 31
55 30
54 30
53 30
53 29
52 29
52 28
52 27
52 26
52 25
52 24
52 23
52 22
51 22
50 22
49 22
48 22
47 22
46 22
45 22
44 22
43 22
42 22
41 22
40 22
39 22
38 22
38 23
37 23
36 23
35 23
34 23
33 23
32 23
31 23
30 23
29 23
28 23
27 23
26 23
25 23
24 23
23 23
22 23
21 23
20 23
19 23
18 23
17 23
16 23
15 23
14 23
13 23
12 23
11 23
10 23
9 23
8 23
7 23
6 23
5 23
4 23
3 23
3 24
3 25
3 26
2 26
2 27
2 28
2 29
2 30
2 31
2 32
2 33
2 34
2 35
2 36
2 37
3 37
3 36
3 35
3 34
3 33
3 32
3 31
3 30
3 29
4 29
5 29
6 29
7 29
8 29
9 29
9 28
9 27
10 27
10 26
10 25
11 25
11 24
12 24
12 23
13 23
14 23
15 23
16 23
17 23
17 24
16 24
15 24
15 25
15 26
15 27
15 28
15 29
15 30
15 31
15 32
15 33
15 34
15 35
15 36
15 37
15 38
15 39
15 40
15 41
15 42
15 43
15 44
15 45
15 46
15 47
15 48
15 49
15 50
15 51
15 52
15 53
15 54
15 55
15 56
15 57
15 58
15 59
15 60
15 61
15 62
15 63
15 64
15 65
15 66
15 67
16 67
16 68
16 69
16 70
16 71
16 72
16 73
16 74
16 75
16 76
16 77
16 78
16 79
16 80
16 81
16 82
16 83
16 84
16 85
16 86
16 87
16 88
16 89
16 90
16 91
17 91
17 90
17 89
17 88
17 87
17 86
17 85
17 84
17 83
17 82
17 81
17 80
17 79
17 78
17 77
17 76
17 75
17 74
18 74
18 73
18 72
18 71
18 70
18 69
18 68
18 67
18 66
18 65
18 64
19 64
19 63
19 62
19 61
19 60
19 59
19 58
19 57
19 56
19 55
19 54
19 53
19 52
19 51
20 51
21 51
21 50
22 50
23 50
23 49
23 48
23 47
23 46
23 45
23 44
23 43
23 42
23 41
23 40
24 40
25 40
25 39
25 38
25 37
25 36
25 35
25 34
25 33
26 33
27 33
28 33
29 33
30 33
31 33
32 33
33 33
34 33
34 32
34 31
34 30
34 29
34 28
34 27
35 27
36 27
36 26
37 26
38 26
39 26
40 26
41 26
42 26
43 26
44 26
45 26
45 25
45 24
45 23
45 22
46 22
46 21
46 20
46 19
47 19
48 19
49 19
50 19
51 19
52 19
52 18
53 18
54 18
55 18
56 18
57 18
58 18
59 18
60 18
60 17
60 16
61 16
61 15
62 15
63 15
64 15
65 15
66 15
67 15
68 15
69 15
70 15
71 15
72 15
73 15
74 15
74 16
74 17
75 17
75 18
76 18
76 19
76 20
77 20
77 21
78 21
79 21
80 21
81 21
81 22
81 23
82 23
83 23
83 24
83 25
83 26
83 27
84 27
85 27
85 28
86 28
87 28
88 28
89 28
89 29
88 29
87 29
86 29
85 29
84 29
83 29
82 29
81 29
80 29
79 29
78 29
77 29
76 29
75 29
74 29
74 30
73 30
72 30
71 30
70 30
69 30
68 30
67 30
66 30
65 30
64 30
63 30
63 31
63 32
63 33
62 33
61 33
60 33
59 33
59 34
58 34
58 35
57 35
57 36
56 36
55 36
54 36
53 36
53 37
53 38
53 39
52 39
51 39
50 39
49 39
48 39
47 39
46 39
45 39
44 39
43 39
42 39
41 39
41 40
41 41
40 41
39 41
38 41
37 41
37 42
36 42
35 42
35 43
34 43
33 43
32 43
31 43
31 44
31 45
31 46
30 46
29 46
28 46
27 46
27 47
27 48
27 49
27 50
27 51
27 52
26 52
26 53
26 54
25 54
25 55
25 56
25 57
24 57
24 58
24 59
24 60
24 61
24 62
24 63
23 63
23 64
23 65
23 66
23 67
23 68
23 69
23 70
23 71
23 72
23 73
23 74
23 75
23 76
23 77
23 78
23 79
23 80
23 81
23 82
23 83
23 84
23 85
23 86
23 87
23 88
23 89
23 90
23 91
23 92
23 93
24 93
24 92
24 91
24 90
24 89
24 88
24 87
24 86
24 85
24 84
24 83
24 82
24 81
24 80
25 80
25 79
25 78
25 77
25 76
25 75
25 74
25 73
25 72
25 71
25 70
25 69
25 68
25 67
25 66
26 66
26 65
26 64
26 63
26 62
26 61
26 60
26 59
26 58
26 57
26 56
27 56
27 55
27 54
27 53
27 52
27 51
27 50
27 49
28 49
29 49
30 49
31 49
32 49
33 49
34 49
35 49
36 49
37 49
38 49
39 49
40 49
41 49
41 48
42 48
42 47
43 47
43 46
43 45
43 44
43 43
43 42
44 42
45 42
46 42
47 42
48 42
48 41
49 41
50 41
51 41
52 41
53 41
54 41
54 40
55 40
56 40
57 40
58 40
59 40
60 40
61 40
62 40
62 39
63 39
64 39
64 38
64 37
65 37
66 37
67 37
68 37
69 37
70 37
71 37
72 37
72 36
73 36
74 36
75 36
76 36
77 36
78 36
78 35
78 34
77 34
77 33
77 32
77 31
77 30
77 29
77 28
77 27
77 26
77 25
77 24
77 23
77 22
77 21
77 20
76 20
75 20
75 21
74 21
73 21
72 21
71 21
70 21
69 21
68 21
67 21
67 22
67 23
67 24
66 24
66 25
65 25
64 25
63 25
62 25
61 25
60 25
59 25
58 25
57 25
56 25
56 26
56 27
55 27
54 27
53 27
52 27
51 27
50 27
50 28
50 29
50 30
50 31
50 32
49 32
48 32
47 32
46 32
45 32
45 33
45 34
45 35
45 36
45 37
45 38
45 39
45 40
45 41
45 42
45 43
45 44
45 45
45 46
45 47
45 48
45 49
45 50
45 51
45 52
45 53
45 54
45 55
45 56
45 57
45 58
45 59
45 60
45 61
45 62
45 63
45 64
45 65
45 66
45 67
45 68
45 69
45 70
45 71
45 72
45 73
45 74
45 75
45 76
45 77
45 78
45 79
45 80
45 81
45 82
46 82
46 81
46 80
46 79
46 78
46 77
46 76
46 75
46 74
46 73
46 72
46 71
46 70
46 69
46 68
46 67
46 66
46 65
46 64
47 64
47 63
47 62
47 61
47 60
47 59
47 58
47 57
47 56
47 55
47 54
47 53
47 52
48 52
48 51
48 50
48 49
48 48
48 47
48 46
48 45
49 45
49 44
49 43
49 42
49 41
49 40
49 39
49 38
49 37
49 36
49 35
49 34
49 33
49 32
49 31
49 30
50 30
50 29
50 28
50 27
51 27
51 26
51 25
51 24
51 23
51 22
51 21
51 20
51 19
51 18
51 17
51 16
51 15
51 14
51 13
51 12
51 11
51 10
51 9
52 9
53 9
54 9
55 9
55 8
56 8
56 7
57 7
58 7
59 7
59 6
60 6
60 5
60 4
60 3
61 3
62 3
62 4
62 5
62 6
62 7
63 7
63 8
63 9
64 9
64 10
64 11
64 12
64 13
64 14
64 15
65 15
65 16
65 17
65 18
65 19
65 20
65 21
65 22
65 23
65 24
65 25
65 26
65 27
65 28
65 29
65 30
65 31
65 32
65 33
65 34
66 34
66 35
66 36
66 37
66 38
66 39
66 40
66 41
66 42
67 42
67 43
67 44
67 45
67 46
67 47
68 47
68 48
68 49
68 50
68 51
68 52
68 53
68 54
69 54
69 55
69 56
70 56
70 57
71 57
72 57
73 57
74 57
75 57
76 57
76 58
76 59
76 60
76 61
76 62
77 62
78 62
79 62
79 63
79 64
79 65
80 65
81 65
82 65
82 64
82 63
82 62
82 61
82 60
82 59
82 58
83 58
83 57
83 56
83 55
83 54
83 53
83 52
83 51
83 50
83 49
83 48
83 47
83 46
83 45
83 44
83 43
83 42
83 41
83 40
83 39
83 38
84 38
85 38
86 38
87 38
88 38
88 37
88 36
88 35
88 34
88 33
88 32
88 31
88 30
88 29
88 28
88 27
88 26
88 25
88 24
88 23
88 22
88 21
88 20
88 19
88 18
88 17
88 16
88 15
88 14
89 14
90 14
91 14
91 13
91 12
91 11
91 10
92 10
93 10
93 9
93 8
94 8
94 7
94 6
94 5
94 4
94 3
94 2
93 2
93 3
92 3
91 3
91 4
91 5
90 5
90 6
89 6
89 7
88 7
88 8
87 8
87 9
87 10
87 11
86 11
85 11
84 11
83 11
82 11
81 11
80 11
79 11
78 11
77 11
76 11
75 11
74 11
74 12
74 13
74 14
74 15
74 16
74 17
73 17
72 17
71 17
70 17
69 17
68 17
68 18
67 18
66 18
65 18
64 18
64 19
64 20
63 20
62 20
61 20
60 20
59 20
58 20
57 20
56 20
56 21
56 22
56 23
55 23
54 23
54 24
54 25
54 26
54 27
54 28
54 29
54 30
54 31
54 32
54 33
54 34
54 35
54 36
54 37
54 38
54 39
54 40
54 41
54 42
54 43
54 44
54 45
54 46
54 47
54 48
54 49
54 50
54 51
54 52
54 53
54 54
54 55
54 56
54 57
54 58
54 59
54 60
54 61
54 62
54 63
54 64
54 65
54 66
54 67
54 68
54 69
54 70
54 71
54 72
54 73
54 74
54 75
54 76
54 77
54 78
54 79
54 80
54 81
54 82
54 83
54 84
54 85
54 86
54 87
54 88
54 89
54 90
54 91
54 92
54 93
54 94
54 95
54 96
53 96
53 97
53 98
53 99
52 99
52 98
52 97
51 97
50 97
50 96
49 96
48 96
47 96
47 95
47 94
46 94
46 93
46 92
46 91
46 90
45 90
44 90
43 90
42 90
41 90
40 90
39 90
38 90
38 89
38 88
38 87
38 86
38 85
38 84
38 83
38 82
38 81
38 80
38 79
38 78
38 77
38 76
38 75
38 74
38 73
38 72
38 71
38 70
38 69
38 68
38 67
38 66
38 65
38 64
38 63
38 62
38 61
38 60
38 59
38 58
38 57
38 56
38 55
38 54
38 53
38 52
37 52
37 53
36 53
35 53
34 53
33 53
32 53
31 53
31 54
30 54
29 54
28 54
28 55
28 56
27 56
27 57
26 57
26 56
26 55
26 54
26 53
26 52
27 52
27 51
27 50
27 49
28 49
29 49
30 49
31 49
32 49
33 49
34 49
35 49
36 49
37 49
38 49
39 49
40 49
41 49
42 49
43 49
44 49
45 49
46 49
47 49
48 49
49 49
50 49
51 49
52 49
53 49
53 48
53 47
54 47
54 46
54 45
54 44
54 43
55 43
55 42
56 42
57 42
58 42
59 42
60 42
61 42
61 41
62 41
63 41
64 41
65 41
66 41
66 40
67 40
68 40
69 40
70 40
71 40
72 40
73 40
74 40
75 40
76 40
77 40
78 40
79 40
80 40
81 40
82 40
83 40
84 40
85 40
86 40
87 40
88 40
89 40
90 40
91 40
92 40
93 40
94 40
95 40
96 40
97 40
98 40
99 40
100 40
100 39
100 38
99 38
99 37
98 37
97 37
96 37
95 37
94 37
93 37
92 37
91 37
91 36
91 35
91 34
90 34
90 33
90 32
90 31
90 30
89 30
88 30
87 30
86 30
85 30
84 30
83 30
82 30
81 30
80 30
79 30
78 30
77 30
76 30
75 30
74 30
73 30
72 30
71 30
70 30
69 30
68 30
67 30
66 30
65 30
64 30
63 30
62 30
61 30
60 30
59 30
58 30
57 30
56 30
55 30
54 30
53 30
52 30
51 30
50 30
49 30
48 30
47 30
46 30
45 30
44 30
43 30
42 30
41 30
40 30
39 30
38 30
37 30
36 30
35 30
34 30
33 30
32 30
31 30
30 30
29 30
28 30
27 30
26 30
25 30
24 30
23 30
23 29
23 28
23 27
22 27
21 27
20 27
19 27
18 27
17 27
16 27
15 27
14 27
13 27
12 27
11 27
10 27
9 27
8 27
7 27
6 27
6 26
6 25
7 25
8 25
9 25
10 25
11 25
12 25
13 25
14 25
15 25
15 26
16 26
17 26
18 26
19 26
19 27
20 27
20 28
20 29
20 30
20 31
20 32
20 33
20 34
20 35
20 36
21 36
21 37
21 38
22 38
22 39
22 40
22 41
23 41
23 42
24 42
25 42
25 43
26 43
27 43
27 44
27 45
27 46
27 47
28 47
28 48
29 48
30 48
30 49
30 50
31 50
31 51
31 52
31 53
31 54
31 55
31 56
31 57
31 58
31 59
31 60
31 61
32 61
32 62
32 63
33 63
34 63
35 63
35 64
35 65
35 66
36 66
36 67
36 68
36 69
36 70
36 71
36 72
36 73
37 73
38 73
39 73
40 73
41 73
42 73
43 73
44 73
45 73
46 73
47 73
48 73
49 73
50 73
51 73
52 73
53 73
53 74
54 74
54 75
54 76
55 76
55 77
56 77
56 78
56 79
57 79
57 80
57 81
57 82
57 83
57 84
57 85
58 85
59 85
59 86
59 87
59 88
60 88
61 88
62 88
63 88
64 88
65 88
66 88
67 88
68 88
69 88
70 88
70 89
70 90
71 90
72 90
73 90
74 90
75 90
76 90
77 90
78 90
79 90
80 90
81 90
81 91
82 91
83 91
84 91
85 91
85 92
86 92
87 92
88 92
88 93
89 93
90 93
91 93
92 93
93 93
94 93
95 93
96 93
97 93
97 94
96 94
95 94
94 94
93 94
92 94
91 94
90 94
89 94
88 94
87 94
87 93
86 93
85 93
84 93
84 92
83 92
82 92
82 91
82 90
82 89
82 88
82 87
82 86
81 86
80 86
79 86
78 86
77 86
76 86
75 86
74 86
73 86
72 86
72 85
72 84
72 83
72 82
71 82
70 82
69 82
68 82
67 82
66 82
66 81
66 80
65 80
64 80
63 80
62 80
62 79
62 78
62 77
62 76
62 75
62 74
61 74
61 73
61 72
61 71
61 70
61 69
61 68
61 67
61 66
61 65
61 64
61 63
61 62
61 61
61 60
61 59
61 58
61 57
61 56
61 55
61 54
61 53
61 52
61 51
61 50
61 49
61 48
61 47
61 46
61 45
61 44
61 43
61 42
61 41
61 40
60 40
60 39
60 38
60 37
60 36
60 35
60 34
60 33
60 32
60 31
60 30
60 29
60 28
60 27
60 26
60 25
60 24
60 23
60 22
60 21
60 20
60 19
60 18
60 17
60 16
61 16
61 17
61 18
61 19
61 20
61 21
62 21
62 22
62 23
62 24
62 25
62 26
62 27
62 28
62 29
62 30
62 31
62 32
62 33
62 34
62 35
62 36
62 37
63 37
63 38
63 39
63 40
63 41
63 42
63 43
63 44
63 45
63 46
63 47
63 48
63 49
63 50
63 51
63 52
63 53
63 54
63 55
63 56
63 57
63 58
63 59
63 60
63 61
63 62
63 63
63 64
63 65
63 66
63 67
63 68
63 69
64 69
65 69
66 69
66 70
66 71
66 72
66 73
66 74
67 74
67 75
67 76
67 77
67 78
67 79
67 80
67 81
67 82
67 83
67 84
67 85
67 86
68 86
69 86
70 86
71 86
72 86
72 87
72 88
72 89
72 90
72 91
73 91
73 92
73 93
74 93
75 93
76 93
76 94
77 94
77 93
77 92
76 92
75 92
74 92
74 91
74 90
74 89
73 89
73 88
73 87
73 86
73 85
72 85
71 85
70 85
70 84
70 83
70 82
69 82
68 82
67 82
66 82
65 82
64 82
63 82
62 82
61 82
60 82
59 82
58 82
57 82
56 82
56 81
56 80
55 80
55 79
55 78
54 78
54 77
54 76
54 75
54 74
54 73
54 72
54 71
54 70
54 69
54 68
53 68
53 67
53 66
53 65
53 64
53 63
53 62
53 61
53 60
53 59
53 58
53 57
53 56
53 55
53 54
53 53
53 52
53 51
53 50
53 49
53 48
53 47
53 46
53 45
53 44
53 43
53 42
53 41
53 40
53 39
53 38
53 37
53 36
53 35
53 34
53 33
53 32
53 31
53 30
52 30
51 30
50 30
49 30
48 30
47 30
46 30
45 30
45 31
45 32
45 33
45 34
45 35
44 35
43 35
42 35
41 35
40 35
39 35
38 35
38 36
38 37
38 38
37 38
36 38
35 38
34 38
33 38
33 39
32 39
32 40
31 40
30 40
29 40
28 40
27 40
26 40
25 40
24 40
23 40
22 40
21 40
20 40
20 41
20 42
19 42
18 42
17 42
16 42
15 42
14 42
13 42
12 42
11 42
10 42
9 42
8 42
7 42
6 42
5 42
5 43
4 43
4 44
4 45
4 46
4 47
4 48
4 49
4 50
4 51
4 52
4 53
4 54
4 55
4 56
4 57
4 58
4 59
4 60
4 61
4 62
4 63
4 64
4 65
4 66
5 66
6 66
7 66
8 66
8 67
8 68
8 69
8 70
8 71
8 72
8 73
8 74
8 75
8 76
8 77
8 78
8 79
8 80
8 81
8 82
9 82
10 82
10 83
10 84
10 85
10 86
10 87
10 88
10 89
10 90
10 91
10 92
10 93
10 94
10 95
10 96
11 96
11 95
11 94
12 94
12 93
12 92
12 91
12 90
12 89
12 88
12 87
12 86
12 85
12 84
12 83
12 82
12 81
12 80
12 79
12 78
12 77
12 76
12 75
12 74
12 73
12 72
12 71
12 70
12 69
12 68
12 67
12 66
12 65
12 64
12 63
12 62
12 61
12 60
12 59
12 58
12 57
13 57
14 57
15 57
15 56
16 56
17 56
18 56
18 55
18 54
18 53
19 53
20 53
20 52
20 51
20 50
20 49
20 48
20 47
21 47
22 47
23 47
24 47
25 47
26 47
27 47
28 47
28 46
29 46
30 46
31 46
32 46
33 46
34 46
34 45
35 45
35 44
36 44
37 44
38 44
39 44
40 44
41 44
42 44
43 44
44 44
45 44
46 44
47 44
48 44
49 44
50 44
51 44
51 43
52 43
53 43
54 43
55 43
55 42
56 42
57 42
58 42
59 42
60 42
61 42
62 42
63 42
63 41
64 41
65 41
66 41
67 41
68 41
68 40
69 40
70 40
71 40
72 40
73 40
74 40
75 40
76 40
77 40
78 40
79 40
79 39
78 39
77 39
76 39
75 39
74 39
73 39
72 39
71 39
70 39
69 39
68 39
67 39
67 38
66 38
65 38
64 38
63 38
62 38
61 38
60 38
59 38
58 38
57 38
56 38
55 38
54 38
53 38
52 38
51 38
50 38
49 38
48 38
48 37
48 36
47 36
47 35
47 34
46 34
45 34
44 34
43 34
42 34
41 34
40 34
39 34
38 34
37 34
36 34
35 34
35 33
34 33
33 33
32 33
31 33
30 33
29 33
29 32
29 31
29 30
28 30
27 30
26 30
25 30
24 30
23 30
23 29
22 29
21 29
20 29
19 29
18 29
17 29
16 29
16 30
16 31
17 31
17 32
18 32
18 33
19 33
19 34
20 34
21 34
21 35
21 36
21 37
22 37
23 37
24 37
25 37
26 37
27 37
28 37
28 38
28 39
29 39
29 40
30 40
30 41
31 41
32 41
32 42
33 42
34 42
35 42
36 42
37 42
38 42
39 42
40 42
41 42
42 42
42 41
42 40
43 40
44 40
45 40
46 40
47 40
48 40
49 40
50 40
50 39
50 38
50 37
50 36
50 35
50 34
50 33
50 32
50 31
50 30
50 29
50 28
50 27
50 26
51 26
52 26
53 26
54 26
55 26
56 26
56 25
57 25
58 25
59 25
60 25
61 25
62 25
62 24
62 23
62 22
63 22
64 22
65 22
65 23
65 24
64 24
63 24
63 25
63 26
62 26
61 26
60 26
59 26
58 26
57 26
57 27
57 28
57 29
56 29
55 29
54 29
53 29
52 29
51 29
50 29
50 30
50 31
50 32
49 32
49 33
49 34
49 35
48 35
48 36
48 37
47 37
47 38
47 39
47 40
47 41
47 42
47 43
47 44
47 45
47 46
47 47
47 48
47 49
47 50
47 51
46 51
45 51
44 51
43 51
42 51
41 51
40 51
39 51
39 52
38 52
37 52
36 52
35 52
35 53
34 53
33 53
32 53
31 53
30 53
29 53
28 53
27 53
27 52
27 51
27 50
27 49
27 48
27 47
27 46
27 45
27 44
27 43
28 43
29 43
30 43
31 43
31 42
31 41
31 40
31 39
31 38
31 37
31 36
31 35
31 34
31 33
31 32
31 31
31 30
31 29
31 28
31 27
31 26
31 25
32 25
32 24
33 24
33 23
33 22
34 22
34 21
34 20
35 20
36 20
36 19
36 18
37 18
38 18
39 18
40 18
41 18
42 18
43 18
44 18
45 18
46 18
46 17
47 17
48 17
48 16
49 16
49 15
50 15
51 15
52 15
53 15
54 15
55 15
56 15
57 15
58 15
59 15
60 15
61 15
62 15
63 15
64 15
65 15
66 15
67 15
68 15
69 15
70 15
71 15
72 15
73 15
74 15
75 15
76 15
77 15
78 15
79 15
80 15
81 15
82 15
83 15
84 15
84 14
84 13
85 13
85 12
85 11
86 11
86 10
87 10
88 10
89 10
90 10
91 10
92 10
92 11
92 12
91 12
91 13
91 14
91 15
91 16
91 17
91 18
91 19
91 20
91 21
91 22
91 23
91 24
91 25
91 26
91 27
91 28
91 29
91 30
91 31
91 32
91 33
91 34
91 35
91 36
91 37
91 38
91 39
91 40
91 41
91 42
91 43
91 44
91 45
91 46
91 47
91 48
91 49
91 50
91 51
91 52
91 53
91 54
91 55
91 56
91 57
91 58
91 59
91 60
91 61
90 61
89 61
88 61
87 61
86 61
85 61
84 61
83 61
83 60
83 59
83 58
82 58
81 58
80 58
79 58
78 58
77 58
76 58
75 58
74 58
73 58
72 58
72 57
72 56
71 56
70 56
69 56
69 55
69 54
69 53
69 52
69 51
69 50
69 49
68 49
67 49
67 50
67 51
66 51
66 52
65 52
64 52
63 52
62 52
61 52
60 52
59 52
58 52
57 52
56 52
55 52
54 52
53 52
52 52
51 52
50 52
49 52
48 52
47 52
46 52
45 52
44 52
43 52
42 52
41 52
40 52
39 52
38 52
37 52
36 52
35 52
34 52
34 53
34 54
34 55
34 56
34 57
33 57
32 57
31 57
31 58
30 58
30 59
30 60
29 60
29 61
29 62
29 63
29 64
29 65
29 66
29 67
29 68
29 69
29 70
29 71
29 72
29 73
29 74
29 75
29 76
29 77
29 78
29 79
29 80
29 81
29 82
29 83
29 84
29 85
29 86
29 87
29 88
29 89
29 90
29 91
29 92
29 93
29 94
29 95
29 96
29 97
29 98
30 98
30 97
30 96
30 95
30 94
30 93
30 92
30 91
30 90
30 89
30 88
30 87
30 86
30 85
30 84
30 83
30 82
31 82
32 82
33 82
34 82
34 81
34 80
34 79
34 78
34 77
34 76
34 75
34 74
34 73
34 72
34 71
34 70
34 69
34 68
34 67
34 66
34 65
34 64
34 63
34 62
34 61
34 60
34 59
34 58
34 57
34 56
34 55
34 54
34 53
34 52
34 51
35 51
35 50
36 50
37 50
38 50
39 50
39 49
39 48
39 47
39 46
39 45
39 44
40 44
40 43
41 43
42 43
43 43
44 43
44 42
45 42
46 42
47 42
48 42
49 42
50 42
51 42
51 41
51 40
52 40
53 40
54 40
54 39
55 39
56 39
57 39
58 39
59 39
60 39
61 39
61 38
61 37
61 36
61 35
61 34
62 34
63 34
63 33
63 32
63 31
63 30
63 29
63 28
63 27
63 26
63 25
64 25
64 24
64 23
65 23
65 22
65 21
65 20
65 19
65 18
65 17
65 16
65 15
65 14
65 13
64 13
63 13
62 13
61 13
60 13
59 13
58 13
57 13
56 13
56 14
56 15
56 16
56 17
56 18
55 18
54 18
53 18
52 18
51 18
51 19
51 20
51 21
51 22
51 23
50 23
49 23
48 23
47 23
46 23
45 23
44 23
44 24
44 25
44 26
43 26
42 26
41 26
40 26
40 27
40 28
40 29
40 30
40 31
40 32
40 33
39 33
38 33
38 34
38 35
38 36
38 37
38 38
38 39
38 40
38 41
38 42
38 43
38 44
38 45
38 46
38 47
38 48
38 49
38 50
38 51
38 52
38 53
38 54
38 55
38 56
38 57
38 58
38 59
38 60
38 61
38 62
38 63
38 64
39 64
39 65
39 66
39 67
39 68
39 69
39 70
39 71
39 72
39 73
39 74
39 75
39 76
39 77
39 78
39 79
38 79
37 79
36 79
35 79
34 79
33 79
32 79
31 79
30 79
29 79
28 79
27 79
26 79
25 79
24 79
23 79
22 79
21 79
20 79
20 80
19 80
18 80
17 80
16 80
15 80
14 80
13 80
12 80
11 80
10 80
9 80
9 81
8 81
8 80
8 79
8 78
8 77
8 76
8 75
8 74
8 73
8 72
9 72
9 71
9 70
9 69
9 68
9 67
9 66
10 66
11 66
11 65
11 64
11 63
11 62
11 61
11 60
11 59
11 58
11 57
12 57
12 56
12 55
13 55
13 54
13 53
13 52
13 51
13 50
13 49
13 48
13 47
13 46
13 45
13 44
13 43
13 42
13 41
13 40
13 39
14 39
15 39
16 39
17 39
18 39
18 38
18 37
18 36
18 35
18 34
18 33
18 32
19 32
20 32
21 32
22 32
23 32
24 32
25 32
26 32
26 31
26 30
27 30
28 30
29 30
30 30
31 30
32 30
33 30
34 30
35 30
36 30
37 30
38 30
39 30
40 30
41 30
42 30
43 30
44 30
45 30
46 30
47 30
48 30
49 30
50 30
50 29
51 29
52 29
53 29
54 29
54 28
55 28
56 28
57 28
58 28
59 28
60 28
60 27
61 27
62 27
63 27
64 27
64 26
64 25
65 25
66 25
67 25
68 25
69 25
70 25
71 25
72 25
73 25
74 25
75 25
76 25
77 25
78 25
79 25
80 25
81 25
82 25
83 25
84 25
85 25
86 25
87 25
88 25
88 26
88 27
87 27
86 27
85 27
84 27
83 27
82 27
81 27
80 27
79 27
78 27
77 27
76 27
75 27
74 27
73 27
73 28
73 29
73 30
73 31
73 32
72 32
71 32
71 33
71 34
70 34
69 34
68 34
67 34
66 34
65 34
64 34
63 34
62 34
61 34
61 35
61 36
60 36
60 37
60 38
60 39
60 40
60 41
60 42
60 43
60 44
60 45
60 46
59 46
59 45
59 44
59 43
59 42
59 41
59 40
59 39
59 38
59 37
59 36
59 35
59 34
59 33
59 32
59 31
59 30
59 29
59 28
59 27
60 27
60 26
61 26
62 26
63 26
64 26
65 26
66 26
67 26
68 26
69 26
70 26
71 26
72 26
73 26
74 26
75 26
76 26
77 26
78 26
79 26
80 26
81 26
82 26
82 25
81 25
81 24
80 24
80 23
79 23
78 23
77 23
76 23
75 23
74 23
74 22
74 21
74 20
73 20
72 20
71 20
70 20
69 20
68 20
67 20
66 20
65 20
65 19
64 19
63 19
63 18
63 17
63 16
62 16
62 15
61 15
61 14
60 14
60 15
60 16
60 17
59 17
59 18
59 19
58 19
57 19
56 19
55 19
54 19
53 19
52 19
51 19
50 19
50 20
49 20
48 20
47 20
46 20
45 20
44 20
43 20
42 20
42 21
42 22
41 22
40 22
40 23
39 23
39 24
39 25
39 26
39 27
38 27
37 27
36 27
35 27
34 27
34 28
34 29
33 29
32 29
31 29
31 30
30 30
30 31
29 31
28 31
27 31
26 31
26 32
26 33
25 33
25 34
24 34
23 34
23 35
22 35
21 35
20 35
19 35
19 36
19 37
19 38
19 39
19 40
19 41
19 42
19 43
19 44
19 45
19 46
19 47
19 48
19 49
19 50
19 51
19 52
19 53
18 53
18 52
18 51
18 50
18 49
18 48
18 47
18 46
18 45
18 44
18 43
18 42
18 41
18 40
18 39
18 38
18 37
18 36
18 35
18 34
18 33
18 32
19 32
19 31
19 30
19 29
19 28
19 27
19 26
19 25
20 25
20 24
21 24
21 23
22 23
22 22
22 21
23 21
23 20
24 20
25 20
26 20
27 20
27 19
27 18
27 17
27 16
28 16
29 16
29 15
29 14
30 14
31 14
31 13
31 12
32 12
32 11
33 11
34 11
34 12
34 13
34 14
34 15
34 16
34 17
34 18
34 19
34 20
34 21
34 22
34 23
34 24
34 25
34 26
34 27
34 28
34 29
34 30
34 31
34 32
34 33
34 34
34 35
34 36
34 37
34 38
34 39
34 40
34 41
35 41
35 42
35 43
35 44
35 45
35 46
35 47
35 48
35 49
35 50
35 51
35 52
35 53
35 54
35 55
35 56
35 57
35 58
35 59
35 60
35 61
35 62
35 63
35 64
35 65
35 66
35 67
35 68
35 69
35 70
35 71
35 72
35 73
35 74
35 75
36 75
36 76
36 77
36 78
37 78
37 79
38 79
38 78
38 77
38 76
38 75
38 74
38 73
38 72
39 72
39 71
39 70
39 69
39 68
39 67
39 66
39 65
39 64
39 63
39 62
39 61
39 60
39 59
40 59
41 59
41 58
41 57
41 56
41 55
42 55
42 54
42 53
43 53
43 52
43 51
44 51
44 50
44 49
44 48
44 47
44 46
44 45
44 44
44 43
44 42
44 41
45 41
46 41
46 40
46 39
46 38
46 37
46 36
46 35
46 34
47 34
48 34
49 34
50 34
51 34
52 34
52 33
52 32
52 31
52 30
52 29
52 28
53 28
54 28
55 28
56 28
57 28
58 28
59 28
59 27
59 26
59 25
59 24
59 23
59 22
59 21
59 20
60 20
61 20
61 19
61 18
61 17
61 16
61 15
61 14
62 14
63 14
64 14
65 14
65 13
66 13
67 13
68 13
68 12
69 12
70 12
71 12
72 12
73 12
74 12
75 12
76 12
77 12
78 12
79 12
80 12
81 12
82 12
82 11
81 11
80 11
79 11
78 11
77 11
76 11
75 11
74 11
73 11
72 11
71 11
70 11
69 11
68 11
67 11
66 11
65 11
64 11
64 12
63 12
62 12
61 12
60 12
59 12
59 13
59 14
59 15
58 15
57 15
57 16
56 16
56 17
55 17
55 18
55 19
54 19
53 19
52 19
51 19
50 19
50 20
49 20
48 20
47 20
46 20
45 20
45 21
45 22
45 23
45 24
46 24
47 24
48 24
49 24
50 24
51 24
52 24
53 24
54 24
55 24
56 24
56 25
56 26
56 27
56 28
56 29
57 29
57 30
57 31
58 31
59 31
60 31
61 31
62 31
63 31
64 31
64 32
64 33
65 33
66 33
67 33
68 33
69 33
70 33
71 33
71 34
72 34
73 34
74 34
75 34
75 35
76 35
76 36
77 36
78 36
79 36
80 36
81 36
82 36
83 36
83 35
83 34
83 33
83 32
83 31
83 30
83 29
83 28
83 27
83 26
83 25
83 24
83 23
83 22
83 21
83 20
84 20
84 19
84 18
85 18
85 17
86 17
86 16
86 15
87 15
87 14
88 14
89 14
90 14
90 13
89 13
88 13
87 13
86 13
86 14
85 14
84 14
84 15
83 15
82 15
82 16
81 16
80 16
80 17
80 18
79 18
78 18
78 19
78 20
77 20
76 20
75 20
74 20
73 20
72 20
71 20
70 20
69 20
68 20
67 20
66 20
65 20
64 20
63 20
62 20
61 20
61 21
60 21
59 21
58 21
57 21
56 21
55 21
54 21
53 21
52 21
52 22
51 22
50 22
49 22
48 22
47 22
46 22
45 22
44 22
43 22
42 22
41 22
40 22
39 22
38 22
37 22
36 22
35 22
34 22
33 22
32 22
31 22
30 22
29 22
28 22
27 22
27 21
27 20
27 19
26 19
26 18
25 18
24 18
23 18
22 18
22 17
21 17
20 17
20 16
20 15
20 14
19 14
18 14
18 13
18 12
18 11
18 10
18 9
18 8
18 7
17 7
17 6
17 5
17 4
18 4
18 5
19 5
20 5
20 6
20 7
20 8
21 8
21 9
22 9
22 10
23 10
24 10
24 11
24 12
24 13
24 14
24 15
24 16
24 17
25 17
26 17
27 17
28 17
28 18
29 18
30 18
31 18
32 18
32 19
32 20
33 20
33 21
34 21
35 21
36 21
36 22
36 23
36 24
36 25
36 26
36 27
36 28
36 29
36 30
36 31
36 32
36 33
36 34
36 35
36 36
36 37
37 37
37 38
37 39
37 40
38 40
38 41
39 41
39 42
40 42
40 43
40 44
40 45
40 46
40 47
41 47
41 48
41 49
41 50
41 51
41 52
41 53
41 54
41 55
41 56
41 57
41 58
41 59
42 59
42 60
42 61
42 62
42 63
42 64
43 64
44 64
45 64
46 64
47 64
48 64
49 64
49 65
49 66
49 67
49 68
49 69
50 69
51 69
51 70
52 70
53 70
54 70
55 70
56 70
57 70
57 71
58 71
59 71
59 72
60 72
60 73
60 74
60 75
60 76
60 77
61 77
61 78
62 78
62 79
62 80
62 81
62 82
63 82
64 82
65 82
66 82
67 82
68 82
69 82
70 82
70 83
69 83
68 83
67 83
66 83
65 83
64 83
63 83
62 83
61 83
61 82
60 82
59 82
58 82
57 82
57 81
57 80
56 80
55 80
54 80
53 80
52 80
51 80
50 80
49 80
48 80
48 79
48 78
47 78
47 77
47 76
47 75
47 74
47 73
47 72
47 71
47 70
47 69
47 68
47 67
47 66
47 65
47 64
47 63
47 62
47 61
47 60
47 59
47 58
47 57
47 56
47 55
47 54
47 53
47 52
47 51
47 50
47 49
47 48
47 47
47 46
47 45
47 44
47 43
47 42
47 41
47 40
47 39
47 38
47 37
47 36
47 35
47 34
47 33
47 32
47 31
47 30
47 29
47 28
47 27
47 26
47 25
47 24
47 23
47 22
47 21
47 20
47 19
47 18
47 17
47 16
48 16
48 17
48 18
48 19
48 20
48 21
48 22
48 23
48 24
48 25
48 26
48 27
48 28
48 29
48 30
48 31
48 32
48 33
48 34
48 35
49 35
49 36
49 37
49 38
49 39
49 40
50 40
50 41
50 42
50 43
50 44
50 45
51 45
52 45
52 46
52 47
52 48
52 49
52 50
52 51
52 52
52 53
52 54
52 55
52 56
52 57
52 58
52 59
52 60
52 61
52 62
52 63
52 64
52 65
52 66
52 67
52 68
52 69
52 70
52 71
52 72
52 73
52 74
52 75
52 76
52 77
53 77
54 77
54 78
54 79
54 80
55 80
56 80
57 80
57 81
57 82
57 83
57 84
57 85
58 85
59 85
60 85
61 85
61 86
61 87
62 87
62 88
63 88
64 88
65 88
65 89
66 89
66 90
67 90
68 90
68 91
68 92
69 92
70 92
70 93
70 94
69 94
68 94
67 94
66 94
65 94
64 94
63 94
62 94
61 94
60 94
59 94
58 94
57 94
56 94
55 94
54 94
53 94
52 94
51 94
51 95
50 95
49 95
48 95
47 95
46 95
45 95
44 95
43 95
43 96
43 97
44 97
44 96
45 96
46 96
47 96
48 96
49 96
50 96
51 96
52 96
53 96
53 95
54 95
55 95
56 95
57 95
58 95
59 95
60 95
61 95
62 95
63 95
64 95
65 95
66 95
67 95
68 95
69 95
70 95
71 95
71 94
71 93
71 92
71 91
71 90
71 89
71 88
71 87
71 86
71 85
71 84
71 83
71 82
71 81
71 80
71 79
71 78
71 77
71 76
71 75
71 74
71 73
71 72
71 71
71 70
71 69
71 68
71 67
71 66
71 65
71 64
71 63
71 62
71 61
71 60
71 59
71 58
71 57
71 56
71 55
71 54
71 53
71 52
71 51
71 50
71 49
71 48
71 47
71 46
71 45
71 44
71 43
71 42
71 41
71 40
71 39
71 38
71 37
71 36
71 35
71 34
71 33
71 32
71 31
71 30
71 29
71 28
71 27
71 26
71 25
71 24
71 23
71 22
71 21
71 20
71 19
71 18
71 17
71 16
70 16
70 17
70 18
70 19
70 20
70 21
69 21
69 22
68 22
67 22
67 23
67 24
66 24
65 24
64 24
63 24
63 25
63 26
63 27
63 28
63 29
63 30
63 31
63 32
63 33
63 34
63 35
63 36
63 37
63 38
63 39
63 40
63 41
63 42
63 43
63 44
63 45
63 46
63 47
63 48
63 49
63 50
63 51
63 52
63 53
63 54
63 55
63 56
63 57
63 58
63 59
63 60
63 61
63 62
63 63
63 64
63 65
63 66
63 67
63 68
63 69
63 70
63 71
63 72
63 73
63 74
63 75
63 76
63 77
63 78
62 78
61 78
60 78
59 78
58 78
57 78
56 78
55 78
54 78
53 78
52 78
51 78
50 78
49 78
48 78
47 78
46 78
46 79
46 80
45 80
44 80
43 80
42 80
41 80
40 80
39 80
38 80
37 80
36 80
35 80
34 80
33 80
32 80
31 80
30 80
29 80
28 80
27 80
26 80
25 80
24 80
23 80
22 80
22 81
22 82
22 83
22 84
22 85
22 86
22 87
22 88
22 89
22 90
22 91
22 92
22 93
22 94
22 95
22 96
22 97
23 97
23 96
24 96
25 96
25 95
25 94
25 93
25 92
25 91
25 90
25 89
26 89
26 88
27 88
28 88
29 88
30 88
31 88
32 88
33 88
33 87
34 87
35 87
36 87
37 87
38 87
39 87
40 87
41 87
42 87
42 86
43 86
44 86
45 86
46 86
47 86
47 85
48 85
49 85
50 85
50 84
50 83
50 82
49 82
48 82
47 82
46 82
45 82
44 82
43 82
42 82
41 82
40 82
40 81
40 80
39 80
39 79
38 79
37 79
36 79
35 79
34 79
34 78
34 77
34 76
34 75
34 74
34 73
34 72
34 71
34 70
34 69
34 68
34 67
34 66
34 65
34 64
34 63
34 62
34 61
34 60
34 59
34 58
34 57
34 56
34 55
33 55
33 54
33 53
33 52
33 51
33 50
33 49
33 48
33 47
33 46
34 46
35 46
35 47
35 48
35 49
36 49
37 49
38 49
38 50
38 51
39 51
39 52
39 53
39 54
39 55
39 56
39 57
39 58
39 59
39 60
39 61
40 61
41 61
42 61
42 62
42 63
42 64
42 65
42 66
43 66
44 66
45 66
46 66
47 66
47 67
47 68
47 69
47 70
47 71
48 71
49 71
50 71
51 71
51 72
51 73
51 74
51 75
52 75
53 75
54 75
55 75
56 75
56 76
56 77
57 77
58 77
59 77
60 77
61 77
61 78
61 79
61 80
61 81
61 82
61 83
62 83
63 83
63 84
63 85
63 86
64 86
65 86
65 87
66 87
66 88
65 88
64 88
64 87
63 87
62 87
61 87
60 87
59 87
58 87
57 87
56 87
55 87
54 87
53 87
52 87
51 87
50 87
49 87
48 87
47 87
47 86
47 85
47 84
46 84
45 84
44 84
43 84
42 84
41 84
40 84
39 84
38 84
37 84
36 84
35 84
34 84
33 84
32 84
31 84
30 84
29 84
28 84
27 84
27 83
27 82
27 81
26 81
25 81
24 81
23 81
22 81
21 81
21 80
20 80
19 80
18 80
17 80
16 80
15 80
14 80
13 80
12 80
11 80
10 80
9 80
9 79
9 78
9 77
8 77
7 77
7 76
7 75
7 74
8 74
9 74
10 74
11 74
12 74
13 74
14 74
15 74
16 74
17 74
18 74
18 73
18 72
19 72
20 72
21 72
22 72
23 72
24 72
25 72
26 72
27 72
28 72
29 72
30 72
31 72
32 72
33 72
34 72
35 72
36 72
37 72
38 72
39 72
40 72
41 72
42 72
43 72
44 72
45 72
46 72
47 72
48 72
49 72
50 72
51 72
52 72
52 71
52 70
52 69
52 68
53 68
53 67
53 66
53 65
53 64
53 63
53 62
53 61
53 60
53 59
53 58
53 57
53 56
53 55
53 54
53 53
53 52
53 51
53 50
54 50
54 49
54 48
54 47
54 46
54 45
54 44
54 43
54 42
54 41
54 40
54 39
54 38
54 37
54 36
54 35
54 34
54 33
54 32
54 31
55 31
56 31
57 31
57 30
57 29
58 29
59 29
60 29
61 29
61 28
61 27
61 26
61 25
61 24
62 24
63 24
64 24
64 23
64 22
64 21
64 20
64 19
64 18
65 18
65 17
65 16
65 15
65 14
65 13
65 12
66 12
67 12
68 12
69 12
69 11
70 11
70 10
70 9
71 9
72 9
73 9
74 9
74 8
73 8
72 8
71 8
70 8
69 8
69 9
68 9
67 9
67 10
66 10
65 10
64 10
64 11
64 12
64 13
63 13
62 13
61 13
60 13
59 13
58 13
58 14
58 15
57 15
56 15
56 16
55 16
55 17
54 17
53 17
52 17
51 17
51 18
51 19
50 19
49 19
48 19
47 19
47 20
47 21
47 22
47 23
46 23
46 24
46 25
46 26
46 27
45 27
45 28
45 29
45 30
45 31
45 32
45 33
45 34
45 35
45 36
45 37
45 38
45 39
45 40
45 41
45 42
45 43
45 44
45 45
45 46
45 47
45 48
45 49
45 50
45 51
45 52
45 53
45 54
45 55
45 56
45 57
45 58
45 59
45 60
45 61
45 62
45 63
44 63
43 63
42 63
41 63
40 63
39 63
38 63
37 63
36 63
35 63
34 63
33 63
32 63
31 63
30 63
29 63
28 63
27 63
26 63
26 62
26 61
26 60
26 59
26 58
26 57
25 57
24 57
23 57
22 57
21 57
20 57
19 57
18 57
17 57
17 56
17 55
17 54
17 53
17 52
17 51
16 51
16 52
16 53
16 54
16 55
16 56
16 57
16 58
16 59
16 60
17 60
18 60
19 60
19 61
19 62
19 63
20 63
21 63
21 64
21 65
21 66
22 66
22 67
22 68
22 69
22 70
23 70
23 71
23 72
23 73
23 74
23 75
24 75
24 76
25 76
26 76
27 76
28 76
28 77
29 77
30 77
31 77
32 77
33 77
34 77
35 77
36 77
37 77
38 77
39 77
40 77
41 77
42 77
43 77
44 77
45 77
46 77
47 77
48 77
49 77
50 77
50 78
51 78
51 79
51 80
51 81
51 82
52 82
52 83
52 84
52 85
52 86
52 87
53 87
54 87
55 87
55 88
56 88
57 88
58 88
59 88
60 88
61 88
62 88
63 88
64 88
65 88
66 88
66 89
67 89
68 89
69 89
70 89
71 89
72 89
73 89
74 89
75 89
75 90
75 91
76 91
77 91
78 91
79 91
80 91
81 91
82 91
82 92
82 93
82 94
83 94
84 94
85 94
86 94
87 94
88 94
89 94
90 94
90 93
90 92
90 91
89 91
88 91
87 91
86 91
85 91
84 91
83 91
83 90
83 89
83 88
82 88
81 88
80 88
79 88
79 87
79 86
78 86
77 86
76 86
75 86
74 86
74 85
74 84
73 84
73 83
72 83
71 83
70 83
69 83
68 83
67 83
67 82
67 81
67 80
67 79
67 78
67 77
66 77
65 77
64 77
63 77
63 76
62 76
62 75
62 74
61 74
60 74
59 74
59 73
59 72
59 71
58 71
57 71
57 72
56 72
55 72
54 72
54 73
54 74
54 75
54 76
53 76
53 77
53 78
53 79
53 80
53 81
52 81
51 81
50 81
50 82
50 83
50 84
50 85
50 86
51 86
52 86
52 85
52 84
52 83
53 83
53 82
54 82
54 81
55 81
55 80
55 79
55 78
55 77
55 76
55 75
55 74
56 74
56 75
56 76
56 77
56 78
56 79
56 80
56 81
56 82
56 83
56 84
56 85
56 86
56 87
57 87
57 86
57 85
58 85
59 85
59 84
60 84
61 84
62 84
63 84
64 84
64 83
65 83
66 83
67 83
67 82
67 81
67 80
67 79
67 78
67 77
67 76
67 75
67 74
67 73
67 72
67 71
67 70
68 70
69 70
70 70
71 70
72 70
72 69
73 69
74 69
75 69
76 69
77 69
78 69
78 68
79 68
80 68
81 68
82 68
82 67
82 66
81 66
80 66
79 66
78 66
77 66
76 66
75 66
74 66
73 66
72 66
71 66
70 66
69 66
68 66
67 66
66 66
65 66
64 66
64 65
64 64
64 63
64 62
63 62
62 62
61 62
60 62
59 62
58 62
57 62
56 62
55 62
54 62
53 62
53 61
53 60
52 60
51 60
51 59
51 58
51 57
51 56
51 55
51 54
51 53
50 53
50 54
50 55
50 56
49 56
48 56
47 56
46 56
45 56
44 56
43 56
42 56
41 56
40 56
39 56
38 56
37 56
36 56
36 57
36 58
36 59
35 59
35 60
35 61
35 62
35 63
34 63
34 64
33 64
32 64
32 65
32 66
32 67
32 68
32 69
33 69
34 69
34 70
34 71
34 72
34 73
34 74
34 75
34 76
34 77
34 78
34 79
34 80
34 81
34 82
34 83
34 84
33 84
33 83
33 82
32 82
31 82
30 82
29 82
29 81
29 80
29 79
28 79
27 79
26 79
26 78
25 78
25 77
25 76
24 76
24 75
23 75
22 75
21 75
20 75
20 74
20 73
20 72
19 72
18 72
17 72
16 72
16 71
16 70
15 70
15 69
15 68
15 67
15 66
15 65
14 65
13 65
12 65
11 65
10 65
10 64
10 63
10 62
10 61
10 60
10 59
10 58
10 57
9 57
8 57
8 56
8 55
8 54
8 53
8 52
8 51
8 50
8 49
8 48
8 47
8 46
8 45
7 45
7 44
7 43
7 42
7 41
7 40
7 39
7 38
7 37
7 36
7 35
7 34
7 33
7 32
7 31
7 30
7 29
7 28
7 27
7 26
7 25
7 24
7 23
7 22
7 21
7 20
7 19
7 18
8 18
8 19
9 19
9 20
9 21
9 22
9 23
9 24
10 24
11 24
11 25
11 26
12 26
12 27
12 28
12 29
12 30
13 30
14 30
14 31
15 31
15 32
15 33
15 34
15 35
15 36
15 37
15 38
16 38
16 39
16 40
16 41
16 42
17 42
18 42
18 43
19 43
20 43
20 44
20 45
21 45
22 45
23 45
23 46
23 47
24 47
24 48
24 49
24 50
24 51
24 52
24 53
24 54
24 55
24 56
25 56
26 56
26 57
26 58
26 59
26 60
27 60
28 60
28 61
28 62
29 62
30 62
30 63
30 64
30 65
31 65
31 66
31 67
32 67
33 67
33 68
33 69
33 70
34 70
34 71
34 72
35 72
36 72
36 73
36 74
36 75
36 76
36 77
37 77
38 77
39 77
40 77
41 77
42 77
43 77
44 77
45 77
46 77
47 77
47 78
48 78
49 78
50 78
51 78
52 78
53 78
54 78
55 78
56 78
57 78
58 78
59 78
60 78
61 78
62 78
63 78
64 78
65 78
66 78
67 78
68 78
69 78
70 78
71 78
72 78
73 78
74 78
74 79
75 79
75 80
76 80
77 80
78 80
79 80
80 80
81 80
82 80
83 80
84 80
85 80
86 80
87 80
88 80
89 80
90 80
91 80
92 80
93 80
94 80
95 80
96 80
96 81
97 81
97 80
97 79
97 78
97 77
96 77
95 77
94 77
93 77
92 77
91 77
90 77
89 77
88 77
87 77
86 77
85 77
84 77
83 77
82 77
81 77
80 77
79 77
78 77
77 77
76 77
75 77
74 77
73 77
73 76
72 76
72 75
72 74
71 74
70 74
69 74
68 74
67 74
66 74
65 74
64 74
63 74
62 74
61 74
61 73
61 72
61 71
60 71
60 70
60 69
60 68
60 67
60 66
60 65
59 65
58 65
57 65
56 65
55 65
54 65
53 65
52 65
51 65
51 64
50 64
49 64
49 63
48 63
47 63
46 63
45 63
44 63
44 62
44 61
44 60
44 59
44 58
44 57
44 56
44 55
44 54
44 53
44 52
44 51
44 50
45 50
46 50
46 49
46 48
46 47
46 46
47 46
47 45
47 44
47 43
47 42
47 41
47 40
48 40
49 40
50 40
51 40
51 39
51 38
51 37
51 36
51 35
51 34
51 33
52 33
53 33
54 33
55 33
56 33
56 32
56 31
56 30
56 29
56 28
56 27
57 27
58 27
59 27
60 27
61 27
62 27
63 27
63 26
63 25
64 25
64 24
64 23
64 22
64 21
64 20
64 19
65 19
66 19
67 19
68 19
69 19
70 19
70 18
70 17
70 16
70 15
71 15
72 15
73 15
74 15
75 15
76 15
77 15
78 15
79 15
80 15
81 15
82 15
83 15
84 15
85 15
86 15
87 15
88 15
88 14
88 13
88 12
89 12
90 12
91 12
91 13
91 14
91 15
91 16
90 16
90 17
89 17
89 18
88 18
87 18
87 19
86 19
85 19
84 19
84 20
84 21
83 21
82 21
81 21
81 22
80 22
79 22
79 23
78 23
77 23
77 24
77 25
76 25
75 25
74 25
73 25
73 26
72 26
71 26
70 26
69 26
68 26
67 26
66 26
65 26
65 27
65 28
64 28
63 28
62 28
61 28
60 28
59 28
58 28
57 28
56 28
55 28
54 28
53 28
52 28
51 28
50 28
49 28
48 28
47 28
46 28
45 28
44 28
43 28
42 28
41 28
40 28
39 28
38 28
38 29
38 30
38 31
38 32
37 32
36 32
36 33
35 33
34 33
34 34
33 34
33 35
33 36
33 37
33 38
33 39
32 39
32 40
32 41
32 42
32 43
32 44
32 45
31 45
31 46
31 47
31 48
31 49
31 50
31 51
31 52
31 53
31 54
31 55
31 56
31 57
31 58
31 59
31 60
31 61
31 62
31 63
32 63
32 64
32 65
32 66
32 67
32 68
32 69
33 69
34 69
35 69
36 69
36 70
37 70
37 69
37 68
37 67
37 66
37 65
37 64
37 63
37 62
37 61
37 60
37 59
37 58
37 57
37 56
37 55
37 54
37 53
37 52
37 51
37 50
37 49
37 48
37 47
37 46
38 46
39 46
40 46
40 45
40 44
41 44
41 43
41 42
41 41
41 40
41 39
42 39
43 39
44 39
44 40
44 41
45 41
46 41
47 41
48 41
49 41
50 41
51 41
52 41
53 41
54 41
55 41
56 41
57 41
58 41
59 41
60 41
61 41
62 41
63 41
64 41
65 41
66 41
67 41
68 41
69 41
70 41
71 41
72 41
73 41
74 41
75 41
76 41
77 41
78 41
79 41
80 41
81 41
82 41
83 41
84 41
85 41
86 41
87 41
88 41
89 41
90 41
91 41
91 42
91 43
90 43
89 43
89 44
89 45
88 45
87 45
86 45
85 45
85 46
85 47
85 48
85 49
84 49
83 49
82 49
82 50
81 50
80 50
80 51
79 51
79 52
79 53
78 53
77 53
76 53
75 53
74 53
73 53
72 53
71 53
70 53
69 53
68 53
67 53
66 53
66 54
65 54
65 55
64 55
63 55
62 55
62 56
62 57
62 58
61 58
60 58
59 58
58 58
58 59
58 60
58 61
58 62
58 63
57 63
56 63
55 63
54 63
54 64
54 65
53 65
52 65
51 65
50 65
49 65
48 65
47 65
46 65
45 65
44 65
44 66
44 67
44 68
43 68
42 68
41 68
40 68
40 69
40 70
39 70
38 70
37 70
36 70
35 70
34 70
33 70
32 70
31 70
30 70
29 70
28 70
28 71
27 71
27 72
27 73
26 73
25 73
25 74
25 75
25 76
25 77
25 78
25 79
25 80
25 81
25 82
25 83
25 84
25 85
25 86
26 86
26 85
26 84
26 83
26 82
26 81
26 80
26 79
26 78
26 77
27 77
28 77
28 76
28 75
28 74
28 73
29 73
29 72
29 71
30 71
31 71
32 71
33 71
34 71
35 71
36 71
37 71
38 71
39 71
40 71
41 71
41 70
41 69
42 69
43 69
44 69
45 69
45 68
45 67
45 66
46 66
47 66
48 66
49 66
50 66
51 66
52 66
53 66
54 66
55 66
55 65
55 64
55 63
55 62
55 61
55 60
55 59
55 58
55 57
55 56
55 55
55 54
55 53
55 52
56 52
56 51
56 50
56 49
56 48
57 48
58 48
59 48
60 48
61 48
62 48
62 47
63 47
64 47
65 47
66 47
67 47
68 47
68 46
68 45
68 44
68 43
69 43
70 43
71 43
72 43
73 43
74 43
75 43
76 43
77 43
78 43
79 43
80 43
81 43
82 43
83 43
84 43
85 43
86 43
87 43
88 43
89 43
90 43
91 43
92 43
93 43
94 43
95 43
96 43
97 43
97 42
97 41
96 41
95 41
94 41
93 41
92 41
91 41
90 41
89 41
88 41
87 41
86 41
85 41
84 41
83 41
82 41
81 41
80 41
79 41
78 41
78 40
78 39
78 38
78 37
77 37
76 37
76 36
75 36
74 36
73 36
73 35
73 34
73 33
73 32
73 31
72 31
71 31
71 30
70 30
69 30
68 30
67 30
66 30
65 30
65 29
65 28
65 27
64 27
63 27
62 27
61 27
60 27
59 27
58 27
57 27
56 27
56 26
56 25
56 24
55 24
54 24
53 24
52 24
52 25
52 26
52 27
52 28
52 29
52 30
52 31
52 32
52 33
52 34
52 35
52 36
52 37
52 38
52 39
52 40
52 41
52 42
52 43
52 44
52 45
52 46
52 47
52 48
52 49
53 49
54 49
54 50
54 51
54 52
54 53
54 54
55 54
56 54
57 54
57 55
57 56
58 56
58 57
58 58
59 58
60 58
60 59
60 60
60 61
60 62
60 63
60 64
60 65
60 66
60 67
60 68
60 69
60 70
60 71
60 72
60 73
60 74
61 74
62 74
62 75
62 76
62 77
62 78
62 79
62 80
63 80
63 81
63 82
63 83
63 84
63 85
63 86
63 87
63 88
63 89
63 90
63 91
63 92
63 93
62 93
62 92
62 91
61 91
60 91
59 91
58 91
57 91
56 91
55 91
54 91
53 91
52 91
51 91
50 91
49 91
48 91
47 91
46 91
45 91
44 91
43 91
42 91
41 91
40 91
39 91
39 90
39 89
38 89
37 89
36 89
36 88
36 87
35 87
34 87
34 86
34 85
34 84
34 83
34 82
34 81
34 80
34 79
34 78
34 77
34 76
34 75
34 74
34 73
34 72
34 71
34 70
34 69
34 68
34 67
34 66
34 65
34 64
34 63
34 62
34 61
34 60
34 59
34 58
34 57
34 56
34 55
34 54
34 53
34 52
34 51
34 50
34 49
34 48
34 47
34 46
34 45
34 44
34 43
34 42
34 41
34 40
33 40
33 39
33 38
33 37
33 36
33 35
33 34
33 33
33 32
33 31
33 30
33 29
33 28
33 27
33 26
33 25
33 24
33 23
33 22
33 21
33 20
33 19
33 18
33 17
33 16
34 16
34 17
35 17
35 18
35 19
35 20
35 21
35 22
35 23
35 24
35 25
35 26
35 27
35 28
35 29
35 30
35 31
35 32
36 32
37 32
38 32
39 32
40 32
40 33
40 34
40 35
40 36
40 37
40 38
40 39
40 40
40 41
40 42
40 43
40 44
40 45
40 46
40 47
40 48
40 49
40 50
41 50
42 50
43 50
44 50
44 51
44 52
44 53
44 54
45 54
46 54
46 55
47 55
48 55
49 55
49 56
50 56
51 56
51 57
51 58
52 58
53 58
54 58
55 58
56 58
57 58
58 58
58 57
58 56
58 55
58 54
58 53
59 53
60 53
60 52
61 52
61 51
61 50
61 49
61 48
61 47
61 46
61 45
61 44
61 43
61 42
61 41
61 40
61 39
61 38
61 37
61 36
61 35
61 34
61 33
62 33
63 33
63 32
63 31
64 31
65 31
65 30
66 30
66 29
67 29
67 28
67 27
67 26
68 26
69 26
70 26
70 27
69 27
68 27
68 28
68 29
68 30
68 31
67 31
67 32
66 32
66 33
65 33
64 33
64 34
63 34
62 34
62 35
62 36
62 37
62 38
62 39
62 40
62 41
62 42
62 43
62 44
62 45
62 46
62 47
62 48
62 49
62 50
62 51
62 52
62 53
62 54
61 54
60 54
59 54
59 55
59 56
59 57
59 58
59 59
58 59
57 59
56 59
55 59
54 59
53 59
52 59
51 59
50 59
49 59
48 59
47 59
46 59
45 59
44 59
43 59
42 59
41 59
40 59
39 59
38 59
37 59
36 59
35 59
34 59
33 59
32 59
32 60
31 60
30 60
30 61
29 61
28 61
27 61
27 62
27 63
27 64
26 64
26 65
26 66
25 66
25 67
24 67
23 67
23 68
23 69
22 69
21 69
21 70
20 70
19 70
18 70
17 70
16 70
16 71
16 72
16 73
16 74
16 75
16 76
15 76
15 77
15 78
15 79
15 80
15 81
15 82
15 83
15 84
15 85
15 86
15 87
15 88
15 89
15 90
15 91
15 92
15 93
15 94
15 95
15 96
15 97
16 97
16 96
16 95
16 94
16 93
16 92
16 91
16 90
16 89
16 88
16 87
17 87
18 87
19 87
20 87
20 86
21 86
22 86
23 86
24 86
25 86
26 86
27 86
28 86
28 85
29 85
30 85
30 84
31 84
32 84
33 84
34 84
35 84
36 84
37 84
38 84
39 84
40 84
40 83
41 83
41 82
41 81
41 80
41 79
41 78
41 77
42 77
43 77
44 77
45 77
46 77
47 77
48 77
48 76
49 76
50 76
51 76
52 76
53 76
54 76
55 76
56 76
56 75
57 75
58 75
59 75
60 75
60 76
60 77
60 78
60 79
60 80
61 80
62 80
63 80
64 80
64 81
64 82
64 83
64 84
64 85
64 86
65 86
66 86
66 87
67 87
67 88
67 89
67 90
68 90
69 90
70 90
71 90
71 91
72 91
72 90
72 89
71 89
70 89
69 89
68 89
68 88
68 87
68 86
68 85
68 84
68 83
67 83
66 83
65 83
65 82
65 81
65 80
65 79
65 78
65 77
64 77
63 77
62 77
62 76
62 75
62 74
61 74
60 74
59 74
58 74
57 74
56 74
55 74
54 74
53 74
52 74
51 74
50 74
49 74
48 74
47 74
47 73
47 72
47 71
48 71
48 70
48 69
48 68
48 67
48 66
48 65
48 64
48 63
48 62
48 61
48 60
48 59
48 58
48 57
48 56
48 55
48 54
48 53
49 53
49 52
50 52
51 52
52 52
53 52
54 52
54 51
55 51
56 51
57 51
58 51
59 51
60 51
60 50
59 50
58 50
57 50
56 50
55 50
54 50
53 50
53 51
52 51
51 51
50 51
49 51
48 51
47 51
46 51
45 51
44 51
43 51
42 51
41 51
40 51
39 51
38 51
37 51
37 52
37 53
36 53
35 53
34 53
33 53
32 53
31 53
30 53
29 53
28 53
27 53
27 54
26 54
26 55
26 56
26 57
26 58
26 59
26 60
26 61
26 62
26 63
26 64
26 65
26 66
26 67
26 68
26 69
26 70
26 71
26 72
26 73
26 74
26 75
26 76
26 77
26 78
26 79
26 80
26 81
26 82
26 83
26 84
25 84
25 83
25 82
25 81
25 80
24 80
24 79
24 78
24 77
24 76
24 75
24 74
24 73
24 72
24 71
24 70
24 69
24 68
24 67
24 66
24 65
24 64
24 63
24 62
24 61
24 60
24 59
24 58
24 57
24 56
24 55
24 54
24 53
24 52
24 51
24 50
24 49
24 48
24 47
24 46
24 45
24 44
24 43
24 42
24 41
24 40
25 40
26 40
27 40
28 40
28 39
29 39
30 39
31 39
32 39
33 39
33 38
33 37
33 36
33 35
33 34
33 33
33 32
33 31
33 30
33 29
33 28
33 27
33 26
33 25
33 24
33 23
33 22
33 21
33 20
33 19
33 18
33 17
33 16
33 15
33 14
34 14
35 14
35 13
35 12
35 11
35 10
36 10
37 10
38 10
38 9
39 9
39 8
40 8
41 8
41 7
41 6
42 6
43 6
43 5
43 4
44 4
44 3
43 3
42 3
41 3
41 4
41 5
40 5
39 5
38 5
37 5
37 6
36 6
35 6
34 6
34 7
34 8
34 9
34 10
33 10
32 10
32 11
31 11
30 11
29 11
28 11
27 11
26 11
25 11
25 12
25 13
25 14
24 14
23 14
22 14
21 14
20 14
19 14
18 14
17 14
16 14
15 14
15 15
14 15
13 15
12 15
12 16
12 17
11 17
10 17
10 18
10 19
9 19
8 19
7 19
6 19
5 19
5 20
5 21
5 22
5 23
5 24
5 25
5 26
5 27
5 28
5 29
5 30
5 31
5 32
5 33
5 34
5 35
5 36
5 37
5 38
5 39
5 40
5 41
5 42
5 43
5 44
5 45
5 46
5 47
5 48
5 49
5 50
5 51
5 52
5 53
5 54
5 55
5 56
5 57
5 58
5 59
5 60
5 61
5 62
5 63
5 64
5 65
5 66
5 67
5 68
5 69
5 70
5 71
5 72
5 73
5 74
5 75
5 76
5 77
5 78
5 79
5 80
5 81
5 82
5 83
5 84
5 85
5 86
5 87
5 88
5 89
5 90
5 91
5 92
5 93
5 94
5 95
6 95
7 95
8 95
9 95
10 95
11 95
12 95
13 95
14 95
15 95
16 95
17 95
18 95
19 95
19 94
19 93
19 92
19 91
19 90
19 89
19 88
20 88
21 88
22 88
23 88
24 88
25 88
26 88
26 87
27 87
28 87
28 86
28 85
28 84
28 83
28 82
29 82
30 82
31 82
32 82
33 82
34 82
34 81
34 80
34 79
34 78
34 77
34 76
34 75
34 74
35 74
36 74
37 74
37 73
37 72
37 71
38 71
38 70
38 69
38 68
39 68
39 67
40 67
41 67
42 67
43 67
44 67
44 66
45 66
46 66
47 66
48 66
49 66
50 66
51 66
52 66
52 65
53 65
54 65
54 64
54 63
54 62
54 61
54 60
54 59
55 59
56 59
57 59
58 59
59 59
60 59
61 59
62 59
63 59
64 59
64 58
65 58
66 58
67 58
67 57
68 57
69 57
70 57
71 57
72 57
72 56
72 55
72 54
73 54
73 53
73 52
73 51
73 50
74 50
75 50
76 50
77 50
78 50
79 50
79 49
80 49
81 49
82 49
83 49
84 49
85 49
86 49
87 49
87 48
87 47
87 46
87 45
87 44
87 43
87 42
87 41
87 40
87 39
87 38
87 37
87 36
87 35
87 34
87 33
87 32
87 31
87 30
88 30
88 29
89 29
89 28
90 28
91 28
91 27
91 26
92 26
93 26
94 26
95 26
96 26
96 25
95 25
94 25
93 25
92 25
91 25
90 25
89 25
88 25
87 25
86 25
85 25
84 25
83 25
82 25
82 24
81 24
80 24
79 24
78 24
77 24
76 24
75 24
74 24
73 24
72 24
71 24
70 24
69 24
68 24
67 24
66 24
65 24
64 24
63 24
62 24
61 24
60 24
59 24
58 24
57 24
56 24
55 24
54 24
53 24
52 24
51 24
50 24
50 23
49 23
48 23
47 23
46 23
45 23
44 23
43 23
42 23
42 22
42 21
42 20
41 20
40 20
39 20
38 20
37 20
36 20
35 20
34 20
34 19
34 18
33 18
32 18
31 18
31 17
30 17
29 17
29 16
28 16
27 16
26 16
26 17
26 18
27 18
27 19
27 20
28 20
29 20
30 20
30 21
30 22
30 23
30 24
30 25
31 25
32 25
32 26
33 26
34 26
34 27
34 28
34 29
33 29
32 29
31 29
30 29
29 29
28 29
27 29
26 29
25 29
24 29
24 30
24 31
24 32
23 32
22 32
21 32
21 33
21 34
20 34
19 34
19 35
18 35
18 36
18 37
18 38
18 39
18 40
17 40
17 41
17 42
17 43
17 44
17 45
17 46
16 46
16 47
16 48
16 49
16 50
16 51
16 52
16 53
16 54
16 55
16 56
16 57
16 58
16 59
16 60
16 61
16 62
16 63
16 64
16 65
16 66
16 67
16 68
16 69
16 70
16 71
16 72
16 73
16 74
16 75
16 76
16 77
16 78
16 79
16 80
16 81
16 82
16 83
16 84
15 84
15 83
15 82
15 81
15 80
15 79
15 78
15 77
15 76
15 75
15 74
15 73
15 72
15 71
15 70
15 69
15 68
15 67
15 66
15 65
15 64
15 63
15 62
15 61
15 60
15 59
15 58
15 57
15 56
15 55
15 54
15 53
15 52
15 51
15 50
15 49
15 48
15 47
15 46
15 45
15 44
15 43
15 42
15 41
15 40
15 39
15 38
15 37
15 36
15 35
15 34
15 33
15 32
15 31
16 31
17 31
18 31
18 30
19 30
19 29
19 28
19 27
19 26
19 25
19 24
19 23
19 22
19 21
20 21
20 20
20 19
20 18
20 17
21 17
21 16
21 15
22 15
22 14
23 14
24 14
24 13
24 12
24 11
24 10
24 9
25 9
26 9
26 10
25 10
25 11
25 12
25 13
25 14
25 15
25 16
25 17
24 17
24 18
23 18
23 19
23 20
23 21
23 22
23 23
23 24
23 25
23 26
23 27
23 28
23 29
24 29
24 28
24 27
24 26
24 25
24 24
25 24
26 24
26 23
26 22
26 21
26 20
27 20
28 20
29 20
30 20
31 20
32 20
32 19
33 19
33 18
34 18
35 18
36 18
37 18
38 18
39 18
39 17
39 16
39 15
39 14
39 13
40 13
41 13
42 13
43 13
44 13
45 13
46 13
47 13
48 13
49 13
50 13
51 13
52 13
53 13
54 13
55 13
56 13
57 13
58 13
59 13
60 13
61 13
62 13
63 13
64 13
65 13
66 13
67 13
68 13
68 14
67 14
67 15
66 15
65 15
65 16
64 16
63 16
62 16
61 16
60 16
60 17
60 18
60 19
59 19
58 19
57 19
56 19
55 19
54 19
53 19
53 20
53 21
52 21
51 21
51 22
51 23
51 24
51 25
51 26
51 27
50 27
50 28
50 29
50 30
50 31
50 32
50 33
50 34
50 35
50 36
50 37
50 38
50 39
50 40
50 41
50 42
50 43
50 44
50 45
50 46
50 47
50 48
50 49
50 50
50 51
50 52
50 53
50 54
50 55
50 56
50 57
50 58
50 59
50 60
50 61
50 62
50 63
50 64
50 65
50 66
50 67
50 68
50 69
50 70
50 71
50 72
50 73
50 74
50 75
50 76
50 77
50 78
50 79
50 80
50 81
50 82
50 83
51 83
51 82
52 82
53 82
53 81
53 80
53 79
53 78
53 77
53 76
53 75
53 74
53 73
53 72
53 71
53 70
53 69
53 68
53 67
53 66
53 65
53 64
53 63
53 62
53 61
53 60
53 59
53 58
53 57
53 56
53 55
53 54
53 53
53 52
54 52
55 52
55 51
56 51
57 51
57 50
57 49
57 48
57 47
57 46
57 45
58 45
59 45
59 44
59 43
59 42
59 41
59 40
59 39
59 38
59 37
59 36
59 35
59 34
59 33
59 32
59 31
59 30
59 29
60 29
60 28
60 27
61 27
62 27
63 27
64 27
65 27
66 27
67 27
67 26
68 26
69 26
69 25
68 25
67 25
66 25
65 25
64 25
63 25
62 25
61 25
60 25
60 26
59 26
58 26
57 26
56 26
56 27
56 28
55 28
54 28
53 28
52 28
51 28
50 28
50 29
50 30
50 31
49 31
48 31
47 31
46 31
45 31
44 31
43 31
42 31
41 31
40 31
39 31
38 31
38 32
38 33
37 33
36 33
35 33
34 33
34 34
34 35
34 36
34 37
33 37
32 37
31 37
31 38
30 38
29 38
28 38
27 38
26 38
25 38
24 38
23 38
23 39
23 40
23 41
23 42
23 43
23 44
23 45
23 46
23 47
23 48
23 49
22 49
22 50
22 51
22 52
22 53
22 54
22 55
22 56
22 57
22 58
22 59
22 60
22 61
22 62
22 63
22 64
22 65
22 66
22 67
22 68
22 69
22 70
22 71
22 72
22 73
22 74
22 75
22 76
22 77
22 78
22 79
22 80
23 80
24 80
25 80
26 80
26 81
27 81
28 81
28 82
29 82
30 82
31 82
32 82
33 82
34 82
34 83
34 84
34 85
34 86
34 87
34 88
35 88
36 88
36 89
36 90
36 91
37 91
38 91
38 92
39 92
39 93
40 93
40 94
41 94
41 93
41 92
41 91
41 90
41 89
41 88
42 88
42 87
42 86
42 85
42 84
42 83
42 82
42 81
42 80
42 79
42 78
42 77
42 76
42 75
42 74
42 73
42 72
42 71
42 70
42 69
42 68
42 67
42 66
42 65
42 64
42 63
42 62
42 61
42 60
42 59
42 58
42 57
42 56
42 55
42 54
43 54
44 54
45 54
46 54
47 54
47 53
47 52
47 51
47 50
47 49
47 48
48 48
49 48
50 48
51 48
52 48
53 48
54 48
54 47
54 46
54 45
54 44
54 43
54 42
54 41
55 41
55 40
56 40
57 40
58 40
59 40
60 40
61 40
61 39
62 39
63 39
64 39
65 39
66 39
67 39
68 39
69 39
70 39
71 39
72 39
73 39
74 39
75 39
76 39
77 39
78 39
79 39
80 39
81 39
81 38
81 37
82 37
82 36
82 35
82 34
82 33
83 33
83 32
83 31
83 30
83 29
83 28
83 27
84 27
84 26
84 25
85 25
86 25
87 25
88 25
89 25
90 25
91 25
92 25
93 25
94 25
95 25
96 25
97 25
98 25
98 24
97 24
97 23
96 23
95 23
94 23
93 23
92 23
91 23
90 23
89 23
88 23
87 23
86 23
85 23
84 23
83 23
83 24
83 25
82 25
81 25
80 25
79 25
78 25
77 25
76 25
76 26
75 26
74 26
73 26
72 26
71 26
70 26
69 26
68 26
67 26
66 26
65 26
64 26
64 27
64 28
63 28
62 28
61 28
60 28
59 28
58 28
57 28
56 28
55 28
54 28
53 28
52 28
51 28
50 28
49 28
48 28
47 28
47 29
46 29
45 29
45 30
45 31
45 32
45 33
44 33
44 34
44 35
43 35
43 36
42 36
42 37
42 38
41 38
40 38
39 38
38 38
37 38
36 38
35 38
34 38
33 38
33 39
33 40
32 40
32 41
32 42
31 42
30 42
30 43
30 44
30 45
29 45
28 45
27 45
26 45
25 45
24 45
23 45
22 45
21 45
20 45
19 45
18 45
17 45
17 46
17 47
16 47
16 48
16 49
16 50
16 51
16 52
16 53
16 54
16 55
16 56
16 57
16 58
16 59
16 60
16 61
16 62
16 63
16 64
16 65
16 66
16 67
16 68
16 69
16 70
15 70
15 69
15 68
15 67
15 66
15 65
15 64
15 63
15 62
15 61
15 60
15 59
15 58
15 57
15 56
15 55
15 54
15 53
15 52
15 51
15 50
15 49
15 48
15 47
15 46
15 45
15 44
15 43
15 42
15 41
16 41
17 41
18 41
18 40
18 39
18 38
18 37
18 36
18 35
18 34
18 33
18 32
18 31
18 30
18 29
18 28
18 27
18 26
18 25
18 24
18 23
18 22
18 21
19 21
20 21
21 21
22 21
23 21
23 20
24 20
25 20
26 20
26 19
26 18
26 17
27 17
28 17
28 16
29 16
30 16
31 16
32 16
32 17
32 18
32 19
33 19
33 20
33 21
33 22
33 23
33 24
33 25
34 25
34 26
35 26
35 27
35 28
36 28
36 29
36 30
37 30
38 30
38 29
38 28
38 27
37 27
37 26
37 25
36 25
36 24
36 23
36 22
36 21
35 21
35 20
35 19
35 18
35 17
35 16
34 16
34 15
33 15
32 15
31 15
30 15
29 15
28 15
27 15
26 15
26 16
25 16
25 17
25 18
24 18
23 18
22 18
22 19
21 19
21 20
20 20
19 20
18 20
17 20
16 20
15 20
15 21
15 22
15 23
14 23
13 23
12 23
11 23
10 23
9 23
8 23
7 23
6 23
6 24
5 24
4 24
4 25
4 26
4 27
4 28
4 29
4 30
3 30
3 31
3 32
3 33
3 34
3 35
3 36
3 37
3 38
3 39
3 40
3 41
3 42
3 43
3 44
3 45
3 46
3 47
3 48
3 49
3 50
3 51
3 52
3 53
3 54
3 55
3 56
3 57
4 57
4 58
4 59
4 60
5 60
5 61
5 62
6 62
6 63
6 64
6 65
6 66
6 67
7 67
8 67
9 67
10 67
10 68
11 68
12 68
12 69
13 69
14 69
14 70
14 71
14 72
14 73
14 74
14 75
14 76
15 76
16 76
16 77
16 78
17 78
17 79
18 79
19 79
20 79
21 79
21 80
22 80
23 80
23 81
23 82
23 83
23 84
23 85
23 86
23 87
23 88
24 88
25 88
26 88
27 88
27 89
27 90
28 90
29 90
30 90
30 91
30 92
31 92
32 92
33 92
34 92
35 92
36 92
37 92
38 92
39 92
39 93
40 93
41 93
42 93
43 93
44 93
45 93
46 93
47 93
48 93
49 93
50 93
51 93
52 93
53 93
54 93
54 92
54 91
54 90
54 89
54 88
54 87
54 86
54 85
54 84
55 84
55 83
56 83
56 82
56 81
56 80
56 79
56 78
56 77
56 76
56 75
56 74
57 74
58 74
59 74
60 74
61 74
62 74
63 74
64 74
65 74
66 74
66 73
67 73
68 73
68 72
69 72
69 71
70 71
71 71
71 70
71 69
70 69
70 68
69 68
69 67
69 66
69 65
68 65
68 64
68 63
68 62
68 61
67 61
67 60
67 59
67 58
66 58
65 58
64 58
63 58
62 58
61 58
61 57
61 56
61 55
61 54
61 53
61 52
61 51
60 51
59 51
58 51
57 51
56 51
55 51
54 51
54 50
54 49
54 48
53 48
52 48
51 48
50 48
49 48
48 48
47 48
46 48
45 48
45 47
45 46
45 45
45 44
44 44
43 44
42 44
41 44
40 44
39 44
38 44
37 44
36 44
35 44
34 44
33 44
32 44
31 44
30 44
29 44
28 44
27 44
26 44
25 44
24 44
23 44
22 44
21 44
20 44
19 44
18 44
17 44
16 44
15 44
14 44
13 44
13 43
13 42
13 41
13 40
13 39
13 38
12 38
12 37
12 36
12 35
11 35
10 35
9 35
8 35
7 35
6 35
5 35
4 35
3 35
3 34
3 33
3 32
3 31
3 30
3 29
4 29
4 30
4 31
5 31
6 31
7 31
8 31
9 31
10 31
11 31
12 31
13 31
14 31
15 31
16 31
16 32
17 32
18 32
19 32
20 32
21 32
22 32
23 32
24 32
25 32
26 32
27 32
28 32
29 32
29 33
30 33
31 33
32 33
32 34
33 34
34 34
35 34
36 34
37 34
38 34
38 35
39 35
39 34
39 33
38 33
38 32
37 32
36 32
35 32
34 32
33 32
32 32
31 32
30 32
30 31
30 30
30 29
30 28
30 27
30 26
29 26
29 25
29 24
29 23
29 22
29 21
29 20
29 19
29 18
29 17
29 16
29 15
29 14
29 13
29 12
30 12
30 13
30 14
30 15
30 16
30 17
30 18
30 19
30 20
30 21
30 22
30 23
31 23
31 24
31 25
31 26
31 27
31 28
31 29
31 30
31 31
32 31
33 31
34 31
35 31
36 31
37 31
38 31
39 31
40 31
40 32
40 33
40 34
40 35
40 36
39 36
38 36
37 36
36 36
36 37
35 37
34 37
33 37
33 38
33 39
32 39
32 40
32 41
32 42
32 43
32 44
32 45
32 46
32 47
32 48
32 49
32 50
32 51
32 52
32 53
32 54
32 55
32 56
32 57
32 58
32 59
32 60
32 61
33 61
34 61
34 60
34 59
35 59
36 59
37 59
38 59
39 59
40 59
41 59
42 59
43 59
44 59
45 59
46 59
47 59
47 58
47 57
48 57
49 57
49 56
49 55
49 54
49 53
49 52
49 51
50 51
51 51
52 51
53 51
54 51
54 50
55 50
56 50
56 49
56 48
57 48
58 48
59 48
60 48
61 48
61 47
61 46
62 46
63 46
63 45
64 45
65 45
66 45
67 45
67 46
66 46
66 47
66 48
65 48
64 48
63 48
62 48
62 49
62 50
61 50
60 50
59 50
58 50
57 50
57 51
57 52
57 53
56 53
55 53
54 53
54 54
54 55
53 55
52 55
51 55
50 55
50 56
50 57
50 58
50 59
49 59
48 59
48 60
47 60
47 61
47 62
46 62
45 62
45 63
45 64
45 65
44 65
44 66
44 67
44 68
44 69
44 70
44 71
44 72
44 73
44 74
43 74
43 73
43 72
42 72
41 72
40 72
40 71
40 70
39 70
38 70
37 70
36 70
35 70
34 70
34 69
33 69
32 69
31 69
30 69
29 69
29 68
29 67
28 67
28 66
28 65
28 64
27 64
26 64
25 64
24 64
24 63
23 63
23 62
23 61
23 60
23 59
23 58
22 58
22 57
21 57
21 56
21 55
20 55
19 55
18 55
17 55
16 55
16 54
15 54
14 54
14 53
13 53
13 52
13 51
13 50
13 49
13 48
13 47
13 46
13 45
14 45
14 44
15 44
15 43
16 43
17 43
18 43
19 43
19 42
20 42
21 42
22 42
23 42
24 42
25 42
26 42
27 42
28 42
29 42
30 42
31 42
32 42
33 42
34 42
35 42
36 42
36 41
37 41
38 41
39 41
40 41
41 41
42 41
43 41
44 41
45 41
46 41
47 41
48 41
49 41
50 41
51 41
52 41
53 41
54 41
55 41
56 41
57 41
58 41
59 41
60 41
61 41
62 41
63 41
64 41
65 41
66 41
67 41
68 41
69 41
70 41
71 41
72 41
73 41
74 41
75 41
76 41
77 41
78 41
79 41
79 40
79 39
79 38
79 37
80 37
81 37
82 37
82 36
82 35
83 35
84 35
85 35
86 35
87 35
88 35
88 36
87 36
87 37
86 37
86 38
85 38
84 38
83 38
82 38
82 39
82 40
82 41
82 42
82 43
82 44
81 44
81 45
80 45
80 46
80 47
80 48
80 49
79 49
78 49
78 50
78 51
77 51
76 51
75 51
74 51
73 51
72 51
71 51
70 51
69 51
68 51
68 52
67 52
66 52
65 52
64 52
63 52
62 52
62 53
61 53
60 53
59 53
59 54
59 55
58 55
57 55
56 55
55 55
54 55
53 55
52 55
51 55
50 55
50 56
49 56
48 56
47 56
46 56
45 56
44 56
43 56
42 56
41 56
40 56
39 56
38 56
37 56
36 56
35 56
34 56
33 56
32 56
31 56
30 56
29 56
28 56
27 56
27 57
27 58
26 58
26 59
26 60
26 61
26 62
26 63
26 64
26 65
25 65
24 65
23 65
23 66
22 66
22 67
22 68
22 69
21 69
21 70
21 71
21 72
21 73
21 74
21 75
21 76
21 77
20 77
20 76
20 75
20 74
20 73
20 72
20 71
20 70
20 69
20 68
20 67
20 66
20 65
20 64
20 63
20 62
20 61
20 60
20 59
20 58
20 57
20 56
20 55
20 54
20 53
20 52
21 52
22 52
23 52
24 52
25 52
26 52
27 52
27 51
27 50
27 49
27 48
27 47
27 46
27 45
27 44
27 43
27 42
27 41
27 40
27 39
28 39
28 38
28 37
28 36
29 36
29 35
29 34
29 33
29 32
29 31
29 30
29 29
29 28
29 27
29 26
29 25
29 24
30 24
31 24
32 24
32 23
33 23
34 23
35 23
36 23
37 23
38 23
38 24
38 25
38 26
38 27
39 27
39 28
40 28
40 29
40 30
40 31
41 31
41 32
41 33
42 33
43 33
43 34
43 35
43 36
44 36
44 37
45 37
45 38
45 39
46 39
47 39
48 39
49 39
50 39
51 39
52 39
53 39
54 39
55 39
56 39
57 39
58 39
58 40
59 40
60 40
61 40
62 40
63 40
64 40
65 40
66 40
66 41
66 42
67 42
68 42
69 42
70 42
71 42
72 42
73 42
74 42
75 42
75 43
75 44
76 44
76 45
76 46
76 47
76 48
76 49
76 50
76 51
76 52
76 53
76 54
76 55
76 56
76 57
76 58
76 59
76 60
76 61
76 62
76 63
76 64
76 65
76 66
77 66
77 67
77 68
77 69
77 70
77 71
78 71
79 71
79 72
80 72
81 72
81 73
82 73
82 74
82 75
82 76
82 77
83 77
84 77
85 77
85 78
86 78
87 78
88 78
88 79
89 79
89 80
90 80
91 80
92 80
93 80
94 80
95 80
95 79
94 79
93 79
93 78
93 77
93 76
92 76
91 76
90 76
90 75
89 75
89 74
88 74
87 74
86 74
86 73
86 72
86 71
86 70
86 69
85 69
84 69
83 69
82 69
81 69
80 69
79 69
79 68
79 67
79 66
79 65
79 64
79 63
78 63
77 63
77 62
77 61
77 60
77 59
77 58
77 57
77 56
77 55
77 54
77 53
77 52
77 51
77 50
77 49
77 48
77 47
77 46
77 45
77 44
77 43
77 42
77 41
77 40
77 39
77 38
76 38
76 37
76 36
75 36
75 35
75 34
75 33
75 32
75 31
75 30
75 29
75 28
75 27
75 26
75 25
75 24
75 23
75 22
75 21
75 20
75 19
75 18
74 18
73 18
72 18
71 18
70 18
69 18
68 18
67 18
66 18
65 18
65 19
65 20
64 20
63 20
62 20
61 20
61 21
60 21
59 21
58 21
57 21
57 22
56 22
55 22
54 22
53 22
52 22
51 22
50 22
49 22
48 22
47 22
46 22
45 22
44 22
43 22
42 22
41 22
40 22
39 22
38 22
37 22
37 23
37 24
36 24
35 24
35 25
34 25
33 25
33 26
33 27
32 27
31 27
30 27
29 27
28 27
27 27
26 27
25 27
24 27
23 27
23 28
22 28
21 28
21 29
21 30
21 31
21 32
21 33
21 34
21 35
21 36
21 37
20 37
20 38
20 39
20 40
20 41
20 42
20 43
20 44
20 45
20 46
19 46
19 45
19 44
19 43
19 42
19 41
19 40
19 39
19 38
19 37
19 36
19 35
19 34
19 33
19 32
19 31
19 30
19 29
19 28
19 27
19 26
19 25
19 24
19 23
19 22
19 21
19 20
19 19
19 18
19 17
19 16
20 16
21 16
22 16
23 16
24 16
25 16
26 16
27 16
28 16
29 16
30 16
31 16
32 16
33 16
34 16
35 16
35 15
35 14
36 14
36 13
37 13
38 13
39 13
40 13
41 13
42 13
43 13
44 13
45 13
46 13
47 13
48 13
49 13
50 13
51 13
52 13
53 13
54 13
55 13
56 13
57 13
58 13
59 13
60 13
61 13
62 13
63 13
64 13
65 13
66 13
67 13
68 13
69 13
70 13
71 13
72 13
73 13
74 13
75 13
76 13
77 13
78 13
79 13
80 13
81 13
82 13
83 13
84 13
85 13
86 13
87 13
87 14
87 15
87 16
86 16
85 16
84 16
84 17
84 18
83 18
82 18
81 18
81 19
80 19
79 19
78 19
78 20
77 20
76 20
76 21
76 22
75 22
75 23
74 23
73 23
72 23
71 23
70 23
69 23
68 23
67 23
66 23
65 23
64 23
63 23
62 23
61 23
60 23
60 24
60 25
59 25
58 25
57 25
57 26
56 26
56 27
56 28
56 29
55 29
54 29
54 30
53 30
52 30
51 30
50 30
49 30
48 30
47 30
46 30
45 30
45 31
44 31
43 31
43 32
42 32
41 32
40 32
40 33
40 34
39 34
38 34
38 35
38 36
38 37
38 38
38 39
37 39
37 40
37 41
37 42
37 43
37 44
37 45
37 46
37 47
37 48
37 49
37 50
37 51
37 52
37 53
37 54
37 55
37 56
37 57
37 58
37 59
37 60
37 61
37 62
37 63
37 64
37 65
38 65
39 65
39 66
40 66
40 67
40 68
40 69
41 69
41 70
41 71
41 72
41 73
41 74
42 74
43 74
44 74
45 74
46 74
46 75
47 75
47 76
48 76
48 77
48 78
48 79
48 80
48 81
48 82
49 82
50 82
50 83
50 84
51 84
52 84
52 85
52 86
52 87
52 88
52 89
53 89
54 89
55 89
55 90
56 90
57 90
58 90
59 90
60 90
61 90
62 90
63 90
64 90
65 90
66 90
66 91
67 91
68 91
69 91
70 91
71 91
72 91
73 91
73 92
73 93
74 93
75 93
76 93
76 94
77 94
78 94
79 94
80 94
81 94
82 94
83 94
84 94
84 95
85 95
86 95
87 95
87 96
88 96
88 95
88 94
88 93
88 92
88 91
87 91
86 91
85 91
84 91
83 91
83 90
83 89
83 88
82 88
81 88
80 88
79 88
78 88
77 88
76 88
75 88
74 88
73 88
73 87
73 86
72 86
72 85
71 85
70 85
69 85
69 84
69 83
68 83
68 82
68 81
67 81
66 81
65 81
64 81
63 81
62 81
61 81
60 81
60 80
60 79
59 79
59 78
59 77
59 76
59 75
59 74
59 73
59 72
59 71
59 70
59 69
59 68
59 67
59 66
59 65
59 64
59 63
59 62
59 61
59 60
59 59
59 58
59 57
59 56
59 55
59 54
59 53
59 52
59 51
59 50
59 49
59 48
59 47
59 46
59 45
59 44
59 43
59 42
59 41
59 40
59 39
59 38
59 37
59 36
59 35
59 34
59 33
59 32
59 31
59 30
59 29
59 28
59 27
59 26
59 25
59 24
59 23
59 22
59 21
59 20
59 19
59 18
59 17
59 16
60 16
61 16
61 17
61 18
61 19
62 19
63 19
64 19
64 20
64 21
64 22
64 23
64 24
64 25
64 26
65 26
65 27
65 28
65 29
65 30
65 31
65 32
65 33
66 33
66 34
66 35
66 36
66 37
66 38
66 39
67 39
67 40
67 41
67 42
67 43
67 44
68 44
68 45
68 46
69 46
69 47
69 48
69 49
69 50
69 51
69 52
69 53
69 54
69 55
69 56
70 56
70 57
70 58
71 58
71 59
72 59
72 58
72 57
72 56
72 55
72 54
72 53
72 52
72 51
72 50
72 49
72 48
72 47
72 46
72 45
72 44
72 43
72 42
72 41
72 40
72 39
72 38
72 37
72 36
72 35
73 35
73 34
74 34
75 34
76 34
77 34
77 33
77 32
77 31
77 30
77 29
77 28
77 27
77 26
77 25
77 24
77 23
77 22
77 21
77 20
77 19
77 18
77 17
77 16
77 15
78 15
78 14
78 13
79 13
79 12
80 12
81 12
82 12
83 12
84 12
85 12
86 12
87 12
88 12
88 13
88 14
87 14
87 15
86 15
85 15
84 15
83 15
82 15
81 15
81 16
80 16
80 17
80 18
79 18
78 18
78 19
78 20
78 21
78 22
78 23
78 24
78 25
78 26
78 27
78 28
78 29
78 30
78 31
78 32
78 33
78 34
78 35
77 35
77 36
77 37
77 38
76 38
75 38
75 39
75 40
75 41
75 42
74 42
73 42
73 43
73 44
73 45
73 46
73 47
73 48
73 49
73 50
73 51
73 52
73 53
73 54
73 55
73 56
73 57
73 58
73 59
73 60
73 61
72 61
72 62
71 62
70 62
69 62
68 62
67 62
66 62
65 62
64 62
63 62
62 62
61 62
60 62
59 62
58 62
57 62
56 62
55 62
54 62
53 62
52 62
51 62
50 62
49 62
48 62
48 63
47 63
46 63
45 63
44 63
43 63
42 63
41 63
40 63
39 63
38 63
37 63
36 63
35 63
34 63
33 63
32 63
31 63
30 63
29 63
28 63
27 63
26 63
26 64
26 65
25 65
24 65
23 65
22 65
21 65
20 65
19 65
18 65
17 65
16 65
15 65
14 65
14 66
14 67
14 68
14 69
13 69
12 69
12 70
12 71
12 72
12 73
12 74
12 75
12 76
12 77
12 78
12 79
12 80
12 81
12 82
12 83
13 83
14 83
15 83
16 83
17 83
18 83
18 84
19 84
20 84
20 85
20 86
21 86
22 86
23 86
24 86
25 86
26 86
27 86
28 86
29 86
29 87
29 88
30 88
31 88
32 88
32 89
33 89
33 90
33 91
34 91
35 91
36 91
37 91
38 91
39 91
40 91
41 91
42 91
43 91
44 91
45 91
46 91
47 91
48 91
49 91
50 91
51 91
52 91
52 92
52 93
53 93
54 93
55 93
56 93
57 93
58 93
59 93
60 93
61 93
62 93
63 93
64 93
65 93
66 93
67 93
68 93
69 93
70 93
71 93
72 93
73 93
74 93
75 93
76 93
77 93
78 93
79 93
79 94
80 94
81 94
82 94
83 94
83 95
84 95
85 95
86 95
87 95
88 95
89 95
90 95
91 95
92 95
92 94
91 94
90 94
90 93
90 92
89 92
88 92
88 91
88 90
88 89
88 88
87 88
87 87
87 86
87 85
87 84
86 84
86 83
86 82
86 81
86 80
85 80
85 79
84 79
83 79
83 78
82 78
82 77
82 76
82 75
82 74
82 73
82 72
82 71
81 71
80 71
80 70
80 69
80 68
79 68
79 67
79 66
79 65
79 64
79 63
79 62
79 61
78 61
78 60
78 59
78 58
78 57
77 57
77 56
77 55
77 54
77 53
77 52
77 51
77 50
76 50
75 50
74 50
74 49
74 48
74 47
73 47
72 47
71 47
71 46
70 46
70 45
70 44
69 44
69 43
69 42
69 41
69 40
69 39
69 38
69 37
68 37
67 37
66 37
66 36
66 35
66 34
66 33
65 33
65 32
65 31
65 30
64 30
63 30
62 30
61 30
60 30
59 30
58 30
57 30
56 30
55 30
54 30
53 30
52 30
51 30
50 30
49 30
48 30
47 30
46 30
45 30
44 30
44 29
43 29
43 28
43 27
42 27
42 26
41 26
40 26
39 26
38 26
37 26
36 26
35 26
34 26
33 26
32 26
31 26
30 26
29 26
28 26
27 26
26 26
25 26
24 26
23 26
22 26
21 26
20 26
20 25
20 24
20 23
20 22
20 21
20 20
20 19
19 19
18 19
17 19
16 19
15 19
15 18
15 17
15 16
14 16
14 15
14 14
14 13
14 12
14 11
14 10
13 10
13 9
13 8
13 7
13 6
13 5
12 5
12 4
11 4
11 5
11 6
11 7
11 8
11 9
11 10
11 11
11 12
11 13
11 14
11 15
11 16
11 17
11 18
11 19
11 20
12 20
13 20
13 21
13 22
13 23
13 24
13 25
13 26
13 27
13 28
13 29
13 30
13 31
13 32
13 33
13 34
13 35
13 36
13 37
13 38
13 39
13 40
13 41
13 42
13 43
13 44
13 45
13 46
13 47
13 48
13 49
13 50
13 51
13 52
13 53
13 54
13 55
13 56
13 57
13 58
13 59
13 60
13 61
14 61
14 62
14 63
14 64
14 65
15 65
16 65
16 64
16 63
16 62
16 61
16 60
16 59
16 58
16 57
16 56
16 55
16 54
17 54
17 53
17 52
17 51
17 50
17 49
17 48
17 47
17 46
18 46
18 45
18 44
18 43
19 43
20 43
21 43
22 43
22 42
23 42
24 42
24 41
25 41
25 40
26 40
27 40
27 39
28 39
29 39
29 38
30 38
31 38
31 37
32 37
33 37
34 37
35 37
36 37
37 37
38 37
39 37
40 37
41 37
42 37
43 37
44 37
45 37
46 37
47 37
48 37
49 37
50 37
51 37
52 37
53 37
54 37
55 37
56 37
57 37
58 37
59 37
60 37
61 37
62 37
63 37
64 37
65 37
66 37
67 37
68 37
69 37
69 38
70 38
71 38
72 38
73 38
74 38
75 38
76 38
77 38
78 38
79 38
80 38
81 38
82 38
83 38
84 38
85 38
86 38
87 38
88 38
89 38
90 38
91 38
92 38
93 38
94 38
94 39
93 39
93 40
93 41
93 42
93 43
93 44
93 45
93 46
92 46
92 47
92 48
92 49
92 50
92 51
91 51
91 52
91 53
91 54
91 55
91 56
91 57
91 58
91 59
91 60
91 61
91 62
91 63
91 64
91 65
91 66
91 67
91 68
91 69
91 70
91 71
91 72
91 73
91 74
91 75
91 76
91 77
91 78
91 79
91 80
92 80
92 79
92 78
92 77
92 76
92 75
92 74
92 73
92 72
92 71
92 70
92 69
92 68
92 67
92 66
92 65
92 64
92 63
92 62
92 61
92 60
92 59
92 58
92 57
92 56
92 55
92 54
92 53
93 53
93 52
93 51
93 50
94 50
94 49
94 48
94 47
94 46
94 45
94 44
94 43
94 42
94 41
94 40
95 40
95 39
95 38
95 37
95 36
95 35
95 34
95 33
94 33
93 33
92 33
91 33
90 33
89 33
88 33
87 33
86 33
85 33
84 33
83 33
82 33
81 33
80 33
79 33
78 33
77 33
76 33
76 32
76 31
75 31
74 31
73 31
73 30
73 29
72 29
71 29
70 29
69 29
68 29
67 29
66 29
65 29
64 29
63 29
62 29
61 29
60 29
60 28
59 28
58 28
57 28
56 28
55 28
54 28
53 28
52 28
51 28
50 28
49 28
49 27
49 26
49 25
48 25
47 25
46 25
45 25
44 25
43 25
42 25
41 25
40 25
39 25
38 25
37 25
36 25
35 25
34 25
33 25
32 25
31 25
30 25
29 25
28 25
27 25
26 25
25 25
24 25
23 25
22 25
21 25
20 25
19 25
18 25
17 25
16 25
16 24
16 23
17 23
17 22
18 22
19 22
20 22
21 22
22 22
23 22
23 21
23 20
23 19
23 18
24 18
25 18
26 18
27 18
28 18
29 18
30 18
31 18
32 18
33 18
34 18
35 18
36 18
37 18
38 18
39 18
40 18
41 18
42 18
43 18
44 18
45 18
46 18
47 18
48 18
49 18
50 18
51 18
52 18
53 18
54 18
55 18
56 18
57 18
58 18
59 18
60 18
61 18
62 18
63 18
64 18
65 18
65 17
66 17
67 17
68 17
69 17
70 17
71 17
72 17
73 17
74 17
75 17
76 17
77 17
78 17
79 17
80 17
81 17
82 17
82 18
82 19
82 20
82 21
82 22
82 23
82 24
82 25
82 26
82 27
82 28
82 29
82 30
83 30
83 31
84 31
85 31
86 31
87 31
87 32
87 33
86 33
86 34
85 34
84 34
84 35
84 36
83 36
82 36
81 36
80 36
79 36
78 36
78 37
78 38
77 38
77 39
77 40
76 40
75 40
75 41
74 41
73 41
73 42
73 43
72 43
72 44
72 45
72 46
72 47
72 48
72 49
72 50
72 51
72 52
72 53
72 54
72 55
72 56
72 57
72 58
72 59
72 60
72 61
72 62
72 63
72 64
72 65
72 66
72 67
72 68
72 69
72 70
72 71
72 72
72 73
72 74
72 75
72 76
73 76
73 75
73 74
73 73
73 72
73 71
74 71
74 70
74 69
74 68
74 67
75 67
76 67
76 66
77 66
77 65
77 64
77 63
77 62
78 62
78 61
79 61
79 62
79 63
79 64
79 65
78 65
78 66
78 67
78 68
77 68
76 68
75 68
75 69
75 70
75 71
75 72
74 72
74 73
74 74
74 75
74 76
74 77
74 78
73 78
72 78
71 78
70 78
69 78
68 78
67 78
66 78
65 78
64 78
63 78
62 78
61 78
60 78
59 78
58 78
57 78
56 78
55 78
54 78
53 78
52 78
51 78
50 78
49 78
48 78
47 78
46 78
45 78
44 78
43 78
42 78
41 78
40 78
39 78
38 78
37 78
36 78
35 78
34 78
33 78
32 78
31 78
30 78
30 77
30 76
29 76
28 76
27 76
27 75
27 74
26 74
25 74
25 73
24 73
23 73
22 73
22 72
22 71
22 70
22 69
22 68
21 68
21 67
20 67
19 67
18 67
17 67
16 67
15 67
15 66
15 65
15 64
15 63
15 62
15 61
14 61
14 60
13 60
12 60
12 59
11 59
11 60
11 61
11 62
11 63
11 64
11 65
11 66
11 67
11 68
12 68
12 69
12 70
12 71
12 72
12 73
12 74
13 74
13 75
14 75
14 76
14 77
15 77
16 77
17 77
18 77
19 77
20 77
21 77
22 77
23 77
24 77
25 77
26 77
26 78
26 79
26 80
27 80
28 80
29 80
30 80
30 81
31 81
32 81
32 82
33 82
34 82
35 82
36 82
37 82
38 82
39 82
40 82
41 82
42 82
43 82
44 82
44 83
44 84
44 85
45 85
46 85
47 85
48 85
49 85
50 85
51 85
52 85
53 85
54 85
55 85
56 85
57 85
58 85
59 85
60 85
61 85
62 85
62 86
63 86
64 86
65 86
66 86
67 86
68 86
69 86
70 86
71 86
72 86
73 86
73 87
74 87
75 87
76 87
77 87
78 87
79 87
80 87
81 87
82 87
82 88
82 89
83 89
84 89
85 89
86 89
87 89
87 90
87 91
88 91
89 91
90 91
91 91
92 91
93 91
94 91
95 91
96 91
97 91
98 91
99 91
100 91
100 90
100 89
99 89
98 89
98 88
97 88
97 87
97 86
96 86
95 86
94 86
93 86
92 86
91 86
90 86
89 86
88 86
87 86
86 86
85 86
84 86
83 86
82 86
82 85
81 85
80 85
80 84
80 83
80 82
79 82
78 82
77 82
76 82
75 82
74 82
73 82
72 82
71 82
70 82
69 82
68 82
67 82
66 82
65 82
64 82
63 82
62 82
61 82
60 82
59 82
58 82
57 82
56 82
55 82
54 82
53 82
52 82
51 82
50 82
49 82
48 82
47 82
46 82
46 81
46 80
45 80
44 80
43 80
43 79
42 79
41 79
41 78
41 77
40 77
40 76
40 75
39 75
39 74
39 73
39 72
39 71
39 70
39 69
39 68
38 68
38 67
38 66
38 65
37 65
37 64
37 63
37 62
36 62
35 62
34 62
34 61
33 61
33 60
33 59
33 58
33 57
33 56
33 55
33 54
33 53
33 52
33 51
34 51
35 51
35 50
36 50
36 49
36 48
36 47
36 46
36 45
36 44
37 44
38 44
39 44
40 44
41 44
42 44
42 43
43 43
43 42
43 41
43 40
43 39
43 38
43 37
43 36
43 35
43 34
43 33
43 32
43 31
44 31
44 30
44 29
44 28
44 27
44 26
45 26
46 26
46 25
47 25
48 25
49 25
49 24
49 23
50 23
51 23
52 23
52 22
53 22
54 22
55 22
56 22
56 21
55 21
55 20
54 20
54 19
54 18
54 17
54 16
54 15
54 14
54 13
53 13
52 13
52 12
52 11
52 10
52 9
51 9
50 9
49 9
48 9
47 9
46 9
46 8
45 8
44 8
43 8
42 8
41 8
40 8
39 8
39 7
40 7
41 7
42 7
43 7
44 7
45 7
46 7
47 7
48 7
48 8
49 8
50 8
51 8
52 8
53 8
53 9
54 9
55 9
56 9
56 10
56 11
56 12
56 13
56 14
56 15
56 16
57 16
57 17
57 18
57 19
57 20
57 21
57 22
57 23
57 24
56 24
55 24
55 25
55 26
54 26
54 27
54 28
53 28
52 28
51 28
50 28
49 28
48 28
48 29
48 30
48 31
48 32
48 33
48 34
48 35
48 36
48 37
48 38
48 39
48 40
48 41
48 42
48 43
48 44
48 45
48 46
48 47
48 48
48 49
47 49
46 49
45 49
44 49
43 49
42 49
41 49
41 50
41 51
40 51
39 51
38 51
38 52
38 53
38 54
37 54
36 54
35 54
34 54
34 55
34 56
33 56
33 55
33 54
32 54
31 54
31 53
31 52
31 51
31 50
31 49
31 48
31 47
31 46
30 46
29 46
29 45
29 44
29 43
29 42
29 41
29 40
29 39
29 38
29 37
28 37
27 37
27 36
27 35
27 34
26 34
25 34
24 34
23 34
22 34
21 34
20 34
19 34
18 34
17 34
17 33
17 32
16 32
16 31
16 30
15 30
14 30
13 30
12 30
11 30
11 29
11 28
11 27
11 26
11 25
11 24
11 23
10 23
9 23
8 23
8 22
8 21
8 20
8 19
8 18
8 17
7 17
6 17
6 16
6 15
6 14
6 13
6 12
6 11
7 11
7 12
8 12
8 13
9 13
10 13
10 14
10 15
10 16
10 17
10 18
11 18
12 18
12 19
13 19
13 20
14 20
14 21
15 21
16 21
17 21
18 21
19 21
20 21
21 21
22 21
23 21
24 21
25 21
26 21
27 21
28 21
29 21
30 21
31 21
32 21
33 21
34 21
35 21
36 21
37 21
38 21
39 21
40 21
41 21
42 21
43 21
43 20
44 20
45 20
46 20
46 21
46 22
47 22
47 23
48 23
48 24
49 24
50 24
51 24
51 25
51 26
51 27
52 27
52 28
52 29
52 30
52 31
52 32
52 33
52 34
52 35
52 36
52 37
53 37
53 38
54 38
54 39
54 40
55 40
55 41
55 42
56 42
57 42
57 43
57 44
57 45
57 46
57 47
57 48
57 49
57 50
57 51
58 51
59 51
59 52
60 52
60 53
60 54
61 54
62 54
63 54
64 54
65 54
65 55
65 56
64 56
63 56
62 56
61 56
60 56
59 56
58 56
57 56
56 56
55 56
54 56
53 56
52 56
51 56
50 56
49 56
48 56
47 56
46 56
45 56
44 56
43 56
42 56
41 56
40 56
39 56
38 56
37 56
36 56
35 56
34 56
33 56
32 56
31 56
30 56
29 56
28 56
27 56
26 56
25 56
24 56
24 55
24 54
24 53
24 52
24 51
23 51
22 51
21 51
20 51
19 51
18 51
17 51
16 51
16 50
16 49
16 48
15 48
14 48
14 47
13 47
13 46
12 46
12 45
12 44
11 44
11 43
11 42
10 42
10 43
10 44
10 45
10 46
10 47
10 48
10 49
10 50
10 51
11 51
12 51
12 52
13 52
13 53
13 54
13 55
13 56
13 57
13 58
13 59
14 59
14 60
14 61
14 62
15 62
15 61
15 60
15 59
16 59
17 59
18 59
19 59
20 59
21 59
22 59
23 59
23 58
24 58
25 58
26 58
27 58
28 58
29 58
30 58
31 58
32 58
33 58
34 58
35 58
36 58
37 58
38 58
39 58
40 58
41 58
42 58
43 58
44 58
45 58
46 58
47 58
48 58
49 58
50 58
51 58
52 58
53 58
54 58
55 58
56 58
57 58
58 58
59 58
60 58
61 58
62 58
63 58
64 58
65 58
66 58
66 57
66 56
66 55
66 54
66 53
66 52
66 51
66 50
66 49
66 48
66 47
66 46
66 45
66 44
66 43
66 42
66 41
66 40
66 39
66 38
66 37
66 36
66 35
66 34
66 33
66 32
66 31
66 30
66 29
66 28
66 27
66 26
66 25
66 24
66 23
67 23
67 22
68 22
68 21
68 20
69 20
69 19
69 18
69 17
69 16
69 15
70 15
71 15
71 14
71 13
70 13
69 13
69 12
68 12
67 12
67 11
66 11
66 10
65 10
64 10
64 9
64 8
63 8
63 7
62 7
61 7
60 7
59 7
58 7
57 7
56 7
55 7
54 7
54 6
53 6
52 6
51 6
50 6
49 6
48 6
47 6
46 6
45 6
44 6
43 6
42 6
41 6
40 6
39 6
38 6
37 6
37 7
37 8
37 9
37 10
36 10
35 10
35 11
35 12
35 13
35 14
35 15
35 16
35 17
35 18
35 19
35 20
35 21
35 22
35 23
35 24
35 25
35 26
35 27
35 28
35 29
35 30
35 31
35 32
35 33
35 34
35 35
35 36
35 37
35 38
35 39
35 40
35 41
35 42
35 43
35 44
35 45
35 46
35 47
35 48
35 49
35 50
35 51
35 52
35 53
35 54
35 55
35 56
35 57
34 57
33 57
32 57
31 57
30 57
29 57
28 57
28 58
27 58
26 58
25 58
24 58
23 58
22 58
21 58
20 58
19 58
18 58
17 58
16 58
16 59
15 59
14 59
14 60
14 61
14 62
14 63
13 63
13 64
13 65
12 65
11 65
10 65
10 66
10 67
10 68
10 69
10 70
10 71
10 72
10 73
10 74
10 75
10 76
10 77
10 78
10 79
10 80
10 81
10 82
10 83
11 83
11 82
11 81
11 80
11 79
11 78
11 77
12 77
12 76
12 75
12 74
12 73
12 72
12 71
12 70
13 70
13 69
13 68
13 67
13 66
14 66
14 65
14 64
15 64
16 64
16 63
16 62
16 61
16 60
17 60
17 59
18 59
19 59
20 59
21 59
22 59
23 59
24 59
25 59
26 59
27 59
28 59
29 59
30 59
31 59
32 59
33 59
34 59
35 59
36 59
36 58
36 57
36 56
36 55
36 54
37 54
37 53
37 52
37 51
37 50
37 49
38 49
39 49
40 49
40 48
40 47
40 46
40 45
40 44
40 43
41 43
42 43
42 42
43 42
44 42
45 42
46 42
46 41
46 40
46 39
46 38
46 37
46 36
46 35
47 35
47 34
47 33
47 32
47 31
47 30
47 29
47 28
48 28
48 27
48 26
48 25
48 24
49 24
50 24
51 24
52 24
53 24
54 24
55 24
56 24
57 24
58 24
59 24
59 23
60 23
61 23
62 23
62 22
62 21
61 21
60 21
59 21
58 21
57 21
56 21
55 21
54 21
53 21
52 21
51 21
50 21
49 21
48 21
47 21
46 21
45 21
44 21
43 21
42 21
41 21
40 21
39 21
38 21
37 21
36 21
35 21
34 21
33 21
32 21
31 21
30 21
30 20
29 20
28 20
27 20
27 19
27 18
27 17
27 16
27 15
28 15
29 15
29 16
29 17
30 17
30 18
31 18
32 18
32 19
32 20
33 20
34 20
35 20
36 20
37 20
38 20
39 20
40 20
41 20
42 20
43 20
44 20
45 20
46 20
47 20
48 20
49 20
50 20
51 20
52 20
53 20
54 20
55 20
56 20
57 20
58 20
59 20
60 20
61 20
62 20
63 20
64 20
64 21
64 22
64 23
64 24
64 25
64 26
64 27
64 28
64 29
64 30
64 31
64 32
64 33
64 34
64 35
64 36
64 37
64 38
64 39
64 40
64 41
64 42
64 43
64 44
64 45
64 46
64 47
64 48
64 49
64 50
64 51
64 52
64 53
64 54
64 55
64 56
64 57
64 58
64 59
64 60
64 61
64 62
65 62
65 63
65 64
65 65
65 66
65 67
66 67
67 67
67 68
67 69
67 70
67 71
67 72
67 73
67 74
67 75
67 76
68 76
69 76
69 77
69 78
69 79
70 79
70 80
70 81
70 82
70 83
70 84
70 85
70 86
70 87
71 87
71 88
71 89
72 89
72 90
73 90
74 90
74 91
74 92
74 93
74 94
75 94
76 94
76 95
76 96
76 97
77 97
78 97
79 97
79 98
78 98
77 98
76 98
75 98
75 97
74 97
74 96
74 95
73 95
73 94
73 93
72 93
71 93
70 93
69 93
68 93
67 93
66 93
65 93
64 93
63 93
62 93
61 93
60 93
59 93
58 93
57 93
56 93
55 93
54 93
53 93
52 93
51 93
50 93
49 93
48 93
47 93
46 93
45 93
44 93
43 93
42 93
41 93
40 93
39 93
38 93
37 93
36 93
35 93
34 93
33 93
32 93
32 92
32 91
32 90
31 90
30 90
29 90
28 90
27 90
26 90
25 90
24 90
23 90
22 90
21 90
20 90
20 89
20 88
19 88
18 88
18 87
17 87
17 86
17 85
17 84
17 83
17 82
17 81
18 81
18 80
18 79
18 78
18 77
18 76
18 75
18 74
19 74
20 74
21 74
22 74
23 74
24 74
25 74
26 74
27 74
28 74
29 74
30 74
31 74
32 74
33 74
34 74
35 74
36 74
37 74
38 74
39 74
40 74
41 74
42 74
43 74
44 74
44 75
43 75
43 76
42 76
42 77
41 77
40 77
39 77
38 77
37 77
36 77
35 77
34 77
33 77
32 77
31 77
30 77
29 77
29 78
29 79
28 79
27 79
26 79
25 79
24 79
24 80
24 81
23 81
22 81
21 81
20 81
20 82
21 82
22 82
23 82
24 82
25 82
26 82
27 82
28 82
29 82
29 81
30 81
30 80
31 80
32 80
33 80
34 80
35 80
36 80
37 80
38 80
39 80
40 80
41 80
42 80
43 80
43 79
44 79
44 78
45 78
45 77
45 76
45 75
45 74
45 73
45 72
44 72
43 72
42 72
42 71
42 70
42 69
42 68
42 67
42 66
42 65
42 64
42 63
42 62
42 61
42 60
42 59
42 58
42 57
42 56
42 55
42 54
41 54
41 53
41 52
41 51
41 50
41 49
41 48
40 48
39 48
38 48
38 47
38 46
38 45
38 44
38 43
38 42
38 41
38 40
38 39
38 38
38 37
38 36
38 35
38 34
38 33
39 33
39 34
39 35
40 35
40 36
40 37
41 37
41 38
41 39
41 40
41 41
41 42
41 43
41 44
41 45
42 45
43 45
43 46
44 46
44 47
44 48
44 49
44 50
44 51
45 51
45 52
46 52
46 53
46 54
46 55
46 56
46 57
46 58
46 59
46 60
46 61
46 62
46 63
46 64
46 65
46 66
47 66
48 66
49 66
50 66
51 66
52 66
53 66
54 66
55 66
55 67
56 67
57 67
58 67
59 67
60 67
61 67
62 67
62 68
62 69
62 70
62 71
62 72
62 73
62 74
62 75
63 75
64 75
65 75
66 75
67 75
67 76
68 76
69 76
69 77
69 78
69 79
70 79
71 79
71 80
72 80
73 80
74 80
75 80
76 80
77 80
78 80
79 80
80 80
81 80
82 80
83 80
83 81
84 81
84 82
85 82
86 82
87 82
87 83
88 83
89 83
90 83
90 84
91 84
92 84
92 85
93 85
94 85
95 85
96 85
97 85
98 85
99 85
100 85
100 84
100 83
100 82
100 81
99 81
98 81
97 81
96 81
96 80
96 79
96 78
95 78
94 78
93 78
92 78
91 78
90 78
89 78
89 77
89 76
89 75
89 74
88 74
87 74
86 74
85 74
84 74
83 74
82 74
82 73
82 72
82 71
82 70
81 70
81 69
81 68
80 68
80 67
80 66
80 65
80 64
80 63
80 62
80 61
79 61
79 60
79 59
79 58
79 57
79 56
79 55
79 54
78 54
77 54
77 53
77 52
77 51
77 50
76 50
76 49
76 48
76 47
76 46
76 45
76 44
75 44
75 43
75 42
75 41
75 40
75 39
75 38
75 37
74 37
74 36
73 36
73 35
73 34
73 33
72 33
71 33
70 33
69 33
68 33
67 33
66 33
65 33
64 33
63 33
62 33
61 33
60 33
60 34
59 34
58 34
57 34
56 34
55 34
54 34
53 34
52 34
51 34
50 34
49 34
48 34
47 34
46 34
45 34
45 35
44 35
43 35
43 36
43 37
42 37
41 37
40 37
39 37
38 37
38 38
37 38
36 38
36 39
35 39
35 40
34 40
33 40
32 40
31 40
30 40
30 41
29 41
29 42
29 43
28 43
27 43
26 43
25 43
24 43
23 43
23 44
22 44
22 45
21 45
20 45
19 45
18 45
17 45
16 45
15 45
14 45
13 45
12 45
11 45
10 45
9 45
8 45
7 45
6 45
5 45
4 45
3 45
2 45
2 46
2 47
2 48
2 49
2 50
2 51
2 52
2 53
2 54
2 55
2 56
2 57
2 58
2 59
2 60
2 61
2 62
2 63
2 64
2 65
2 66
2 67
2 68
2 69
2 70
2 71
2 72
2 73
2 74
2 75
2 76
2 77
2 78
2 79
2 80
