26 2
25 2
25 3
24 3
23 3
22 3
21 3
21 4
20 4
19 4
19 5
19 6
18 6
18 7
17 7
17 8
17 9
16 9
15 9
15 10
15 11
14 11
14 12
13 12
13 13
12 13
11 13
10 13
10 14
10 15
10 16
10 17
10 18
10 19
9 19
9 20
8 20
7 20
6 20
6 21
5 21
4 21
3 21
3 20
3 19
3 18
4 18
4 17
5 17
5 16
5 15
5 14
5 13
6 13
6 14
6 15
6 16
6 17
6 18
6 19
6 20
6 21
6 22
7 22
7 23
7 24
7 25
7 26
7 27
7 28
7 29
7 30
7 31
7 32
7 33
7 34
7 35
7 36
7 37
8 37
8 38
8 39
8 40
9 40
9 39
9 38
10 38
11 38
12 38
12 37
12 36
12 35
12 34
12 33
12 32
12 31
12 30
12 29
12 28
13 28
14 28
14 27
14 26
15 26
15 25
15 24
15 23
15 22
16 22
16 21
17 21
17 20
17 19
17 18
17 17
17 16
17 15
17 14
18 14
18 13
18 12
18 11
18 10
18 9
18 8
18 7
18 6
18 5
18 4
19 4
20 4
21 4
22 4
23 4
24 4
25 4
25 5
26 5
26 6
26 7
26 8
26 9
26 10
26 11
26 12
26 13
27 13
27 14
27 15
27 16
27 17
27 18
27 19
27 20
27 21
27 22
27 23
27 24
27 25
27 26
27 27
27 28
27 29
27 30
27 31
27 32
26 32
25 32
25 31
25 30
25 29
25 28
25 27
24 27
24 26
24 25
23 25
23 24
22 24
22 23
22 22
22 21
21 21
21 20
21 19
20 19
20 18
19 18
19 17
19 16
19 15
19 14
19 13
18 13
17 13
17 12
16 12
16 11
15 11
15 10
14 10
14 11
13 11
12 11
11 11
10 11
9 11
9 12
8 12
8 13
8 14
8 15
7 15
7 16
7 17
7 18
6 18
5 18
5 19
5 20
5 21
5 22
5 23
5 24
5 25
5 26
4 26
4 27
3 27
3 28
3 29
3 30
4 30
5 30
6 30
6 31
7 31
7 32
8 32
8 33
8 34
9 34
9 35
10 35
10 36
11 36
12 36
13 36
14 36
15 36
16 36
17 36
18 36
19 36
19 37
20 37
21 37
22 37
23 37
24 37
25 37
26 37
27 37
28 37
29 37
30 37
30 38
31 38
32 38
33 38
34 38
35 38
36 38
37 38
38 38
38 37
37 37
36 37
35 37
34 37
33 37
32 37
31 37
31 36
30 36
29 36
29 35
29 34
29 33
29 32
28 32
28 31
28 30
28 29
27 29
26 29
26 28
25 28
25 27
25 26
24 26
23 26
22 26
21 26
21 25
20 25
20 24
19 24
19 23
18 23
18 22
18 21
17 21
16 21
15 21
14 21
14 20
13 20
13 19
12 19
11 19
11 18
11 17
11 16
10 16
10 15
10 14
10 13
11 13
12 13
13 13
14 13
15 13
16 13
17 13
18 13
19 13
20 13
21 13
22 13
22 14
22 15
23 15
23 16
23 17
23 18
23 19
24 19
24 20
24 21
24 22
24 23
24 24
25 24
25 25
26 25
27 25
28 25
28 26
28 27
29 27
30 27
31 27
31 28
31 29
32 29
33 29
34 29
34 30
35 30
35 31
36 31
37 31
37 32
37 33
38 33
38 34
38 35
38 36
38 37
38 38
37 38
36 38
36 37
36 36
35 36
35 35
35 34
35 33
35 32
34 32
34 31
34 30
34 29
33 29
33 28
33 27
33 26
33 25
32 25
31 25
30 25
29 25
28 25
28 24
28 23
27 23
26 23
25 23
24 23
23 23
22 23
22 22
23 22
24 22
24 21
24 20
25 20
25 19
25 18
