30 60
30 59
30 58
30 57
30 56
30 55
30 54
30 53
30 52
29 52
29 51
29 50
29 49
29 48
29 47
29 46
30 46
31 46
31 45
32 45
33 45
34 45
34 46
34 45
35 45
36 45
37 45
38 45
39 45
40 45
40 46
41 46
41 45
42 45
43 45
43 46
42 46
42 45
43 45
44 45
45 45
46 45
47 45
48 45
49 45
49 44
50 44
50 45
51 45
52 45
52 44
53 44
54 44
55 44
56 44
56 43
56 42
56 43
57 43
58 43
58 44
59 44
59 45
60 45
61 45
61 44
62 44
62 45
62 46
62 47
62 48
62 49
62 50
63 50
63 49
63 48
63 47
62 47
62 46
61 46
61 45
61 44
61 43
61 42
61 41
61 40
61 39
61 38
61 37
62 37
62 36
63 36
63 35
63 34
63 33
64 33
64 34
65 34
66 34
67 34
67 33
67 32
67 31
67 30
67 29
67 28
67 27
67 26
67 25
67 24
66 24
66 23
66 22
66 21
67 21
68 21
68 20
68 19
68 18
67 18
67 17
67 16
66 16
66 15
66 14
66 13
66 12
65 12
65 11
65 10
65 9
65 8
64 8
63 8
62 8
61 8
60 8
59 8
58 8
57 8
56 8
55 8
54 8
53 8
52 8
51 8
50 8
50 7
49 7
49 8
48 8
47 8
46 8
45 8
45 9
44 9
44 8
43 8
42 8
41 8
40 8
39 8
38 8
37 8
37 7
37 6
36 6
36 7
36 8
36 9
35 9
35 8
35 7
36 7
37 7
38 7
39 7
39 8
39 9
39 10
40 10
40 11
39 11
39 12
39 13
39 14
40 14
41 14
42 14
42 15
43 15
43 16
43 17
43 18
44 18
44 19
44 20
44 21
44 22
44 23
44 24
45 24
46 24
47 24
47 25
47 26
47 27
48 27
49 27
49 28
50 28
50 27
51 27
52 27
53 27
54 27
55 27
56 27
56 28
56 29
56 30
56 31
56 32
57 32
58 32
59 32
60 32
61 32
62 32
62 33
62 34
62 35
62 36
62 37
62 38
63 38
64 38
64 39
65 39
65 40
65 41
65 42
65 43
65 44
66 44
67 44
67 45
68 45
69 45
69 46
69 47
70 47
70 46
71 46
72 46
72 47
72 48
72 49
72 50
73 50
74 50
74 51
74 52
74 53
74 54
74 55
75 55
75 56
75 57
75 58
75 59
75 60
75 61
76 61
76 62
76 63
77 63
78 63
79 63
79 64
79 65
79 66
80 66
80 67
80 68
79 68
79 67
79 66
79 65
78 65
78 64
77 64
76 64
76 63
76 62
76 61
76 60
76 59
76 58
76 57
76 56
75 56
75 55
75 54
75 53
74 53
74 52
74 51
74 50
75 50
75 49
74 49
74 48
74 47
74 46
74 45
74 44
75 44
75 43
75 42
75 41
75 40
75 39
75 38
76 38
76 37
75 37
75 36
75 35
74 35
74 36
73 36
72 36
72 37
71 37
71 36
71 35
71 34
71 33
71 32
71 31
71 30
72 30
72 29
72 28
71 28
71 29
70 29
69 29
69 28
69 27
69 26
68 26
68 25
67 25
66 25
65 25
64 25
63 25
62 25
62 26
61 26
61 25
60 25
60 26
59 26
59 25
58 25
57 25
56 25
55 25
54 25
53 25
52 25
51 25
50 25
49 25
48 25
48 24
48 23
47 23
46 23
45 23
45 24
45 25
44 25
43 25
42 25
41 25
40 25
40 26
39 26
39 25
38 25
38 24
37 24
37 25
38 25
