20 17
20 18
19 18
19 17
18 17
18 16
17 16
16 16
16 15
16 14
17 14
17 15
16 15
16 14
15 14
15 13
14 13
14 12
14 11
14 10
15 10
15 11
14 11
14 10
13 10
13 9
13 8
14 8
14 9
14 10
13 10
12 10
11 10
10 10
10 11
10 12
10 13
9 13
9 14
8 14
8 15
7 15
7 14
7 13
8 13
9 13
10 13
11 13
11 14
11 15
11 16
11 17
11 18
11 19
10 19
10 20
9 20
9 19
9 18
8 18
8 17
7 17
7 18
7 19
8 19
8 18
8 17
7 17
6 17
6 16
6 15
6 14
6 13
7 13
7 12
7 11
7 10
8 10
8 9
8 8
9 8
9 7
10 7
10 6
10 5
10 4
11 4
11 3
10 3
10 2
9 2
9 1
8 1
8 2
8 3
8 4
9 4
9 3
8 3
