20 12
20 13
19 13
18 13
18 12
17 12
17 13
18 13
19 13
20 13
21 13
22 13
22 14
21 14
20 14
19 14
18 14
17 14
16 14
15 14
14 14
13 14
13 15
12 15
11 15
10 15
9 15
9 16
10 16
10 17
10 18
9 18
8 18
8 17
7 17
7 16
6 16
5 16
5 17
5 18
4 18
4 17
5 17
5 18
5 19
5 20
5 21
6 21
6 22
6 23
5 23
5 24
4 24
4 25
4 26
3 26
3 25
3 24
4 24
5 24
5 23
4 23
4 24
4 25
4 26
3 26
3 27
3 28
3 29
2 29
1 29
1 28
2 28
2 27
2 26
1 26
1 25
1 24
1 23
2 23
2 22
2 21
2 20
2 19
2 18
3 18
3 17
4 17
5 17
5 16
6 16
6 17
7 17
7 16
8 16
8 17
9 17
9 16
10 16
11 16
12 16
12 15
13 15
14 15
14 14
13 14
13 13
14 13
15 13
16 13
17 13
18 13
19 13
20 13
20 14
20 15
21 15
22 15
23 15
24 15
25 15
26 15
27 15
27 16
27 17
28 17
28 18
27 18
27 19
26 19
26 20
27 20
28 20
28 19
28 18
27 18
26 18
25 18
25 19
24 19
23 19
22 19
22 20
22 21
22 22
22 23
23 23
23 24
23 25
23 26
23 27
24 27
24 28
23 28
22 28
21 28
20 28
19 28
18 28
18 27
17 27
16 27
15 27
15 28
15 29
14 29
13 29
12 29
11 29
11 28
12 28
12 27
11 27
11 26
11 25
10 25
10 26
10 27
10 28
9 28
8 28
7 28
7 27
7 26
8 26
8 25
7 25
7 24
7 23
8 23
9 23
10 23
11 23
12 23
12 24
12 25
13 25
14 25
15 25
16 25
17 25
17 26
18 26
18 25
19 25
20 25
21 25
21 24
20 24
20 25
