5 56
5 55
5 54
5 53
5 52
5 51
5 50
5 49
5 48
5 47
5 46
5 45
5 44
5 43
5 42
5 41
5 40
5 39
5 38
5 37
5 36
4 36
4 35
4 34
4 33
4 32
4 31
4 30
4 29
4 28
4 27
4 26
4 25
4 24
4 23
4 22
4 21
4 20
4 19
4 18
4 17
4 16
4 15
4 14
4 13
4 12
4 11
4 10
4 9
4 8
4 7
4 6
4 5
4 4
4 3
4 2
4 1
5 1
6 1
7 1
8 1
9 1
10 1
11 1
12 1
13 1
14 1
15 1
16 1
17 1
18 1
19 1
20 1
21 1
22 1
23 1
24 1
25 1
26 1
27 1
28 1
29 1
30 1
31 1
32 1
33 1
34 1
35 1
36 1
37 1
38 1
39 1
40 1
41 1
42 1
43 1
44 1
45 1
46 1
47 1
48 1
49 1
50 1
51 1
52 1
53 1
54 1
55 1
55 2
55 3
55 4
55 5
55 6
55 7
55 8
55 9
55 10
55 11
55 12
55 13
55 14
55 15
55 16
55 17
55 18
55 19
55 20
55 21
55 22
55 23
55 24
55 25
55 26
55 27
55 28
55 29
55 30
55 31
55 32
55 33
55 34
55 35
55 36
55 37
55 38
55 39
55 40
55 41
55 42
55 43
55 44
55 45
55 46
55 47
55 48
55 49
55 50
55 51
55 52
55 53
55 54
55 55
55 56
55 57
55 58
55 59
55 60
55 61
55 62
55 63
55 64
55 65
55 66
55 67
55 68
55 69
55 70
55 71
55 72
55 73
55 74
55 75
54 75
53 75
52 75
51 75
51 74
51 73
51 72
51 71
50 71
50 70
49 70
49 69
49 68
49 67
49 66
49 65
49 64
49 63
49 62
49 61
49 60
49 59
49 58
49 57
49 56
49 55
49 54
49 53
49 52
49 51
49 50
49 49
49 48
49 47
49 46
49 45
49 44
49 43
49 42
49 41
49 40
49 39
50 39
51 39
51 38
50 38
49 38
48 38
47 38
46 38
45 38
44 38
43 38
42 38
41 38
40 38
40 39
40 40
40 41
40 42
40 43
40 44
40 45
40 46
40 47
40 48
40 49
40 50
40 51
40 52
40 53
40 54
40 55
40 56
39 56
38 56
37 56
36 56
36 55
36 54
35 54
35 55
35 56
35 57
35 58
35 59
35 60
35 61
35 62
35 63
35 64
35 65
35 66
35 67
36 67
37 67
38 67
39 67
40 67
41 67
42 67
43 67
44 67
45 67
46 67
47 67
48 67
49 67
50 67
51 67
52 67
53 67
54 67
55 67
56 67
57 67
58 67
59 67
60 67
61 67
62 67
62 66
62 65
62 64
62 63
62 62
62 61
62 60
62 59
62 58
62 57
62 56
62 55
62 54
62 53
62 52
62 51
62 50
62 49
62 48
62 47
62 46
62 45
62 44
62 43
62 42
62 41
62 40
62 39
62 38
62 37
62 36
62 35
62 34
62 33
62 32
62 31
62 30
62 29
62 28
62 27
62 26
62 25
62 24
62 23
62 22
62 21
62 20
62 19
62 18
62 17
62 16
62 15
62 14
62 13
62 12
62 11
62 10
62 9
62 8
62 7
61 7
60 7
59 7
58 7
57 7
56 7
55 7
54 7
53 7
52 7
51 7
50 7
49 7
48 7
47 7
46 7
45 7
44 7
43 7
42 7
41 7
40 7
39 7
38 7
37 7
36 7
35 7
34 7
33 7
32 7
31 7
30 7
29 7
28 7
27 7
26 7
25 7
24 7
23 7
22 7
21 7
20 7
19 7
18 7
17 7
16 7
15 7
14 7
13 7
12 7
11 7
11 8
11 9
11 10
11 11
11 12
11 13
11 14
11 15
11 16
11 17
11 18
11 19
11 20
11 21
11 22
11 23
11 24
11 25
11 26
11 27
11 28
11 29
11 30
11 31
11 32
11 33
11 34
11 35
11 36
11 37
11 38
11 39
11 40
12 40
13 40
14 40
15 40
16 40
17 40
18 40
19 40
20 40
21 40
22 40
23 40
24 40
25 40
26 40
27 40
28 40
28 39
27 39
26 39
25 39
24 39
24 40
25 40
26 40
27 40
28 40
28 39
27 39
26 39
25 39
24 39
24 40
25 40
26 40
27 40
28 40
28 39
27 39
26 39
25 39
24 39
24 40
25 40
26 40
27 40
28 40
28 39
27 39
26 39
25 39
24 39
24 40
25 40
26 40
27 40
28 40
28 39
27 39
26 39
25 39
24 39
24 40
25 40
26 40
27 40
28 40
28 39
27 39
26 39
25 39
24 39
24 40
25 40
26 40
27 40
28 40
28 39
27 39
26 39
25 39
24 39
24 40
25 40
26 40
27 40
28 40
28 39
27 39
26 39
25 39
24 39
24 40
25 40
26 40
27 40
28 40
28 39
27 39
26 39
25 39
24 39
24 40
25 40
26 40
27 40
28 40
28 39
27 39
26 39
25 39
24 39
24 40
25 40
26 40
27 40
28 40
28 39
27 39
26 39
25 39
24 39
24 40
25 40
26 40
27 40
28 40
28 39
27 39
26 39
25 39
24 39
24 40
25 40
26 40
27 40
28 40
28 39
27 39
26 39
25 39
24 39
24 40
25 40
26 40
27 40
28 40
28 39
27 39
26 39
25 39
24 39
24 40
25 40
26 40
27 40
28 40
28 39
27 39
26 39
25 39
24 39
24 40
25 40
26 40
27 40
28 40
28 39
27 39
26 39
25 39
24 39
24 40
25 40
26 40
27 40
28 40
28 39
27 39
26 39
25 39
24 39
24 40
25 40
26 40
27 40
28 40
28 39
27 39
26 39
25 39
24 39
24 40
25 40
26 40
27 40
28 40
28 39
27 39
26 39
25 39
24 39
24 40
25 40
26 40
27 40
28 40
28 39
27 39
26 39
25 39
24 39
24 40
25 40
26 40
27 40
28 40
28 39
27 39
26 39
25 39
24 39
24 40
25 40
26 40
27 40
28 40
28 39
27 39
26 39
25 39
24 39
24 40
25 40
26 40
27 40
28 40
28 39
27 39
26 39
25 39
24 39
24 40
25 40
26 40
27 40
28 40
28 39
27 39
26 39
25 39
24 39
24 40
25 40
26 40
27 40
28 40
28 39
27 39
26 39
25 39
24 39
24 40
25 40
26 40
27 40
28 40
28 39
27 39
26 39
25 39
24 39
24 40
25 40
26 40
27 40
28 40
28 39
27 39
26 39
25 39
24 39
24 40
25 40
26 40
27 40
28 40
28 39
27 39
26 39
25 39
24 39
24 40
25 40
26 40
27 40
28 40
28 39
27 39
26 39
25 39
24 39
24 40
25 40
26 40
27 40
28 40
28 39
27 39
26 39
25 39
24 39
24 40
25 40
26 40
27 40
28 40
28 39
27 39
26 39
25 39
24 39
24 40
25 40
26 40
27 40
28 40
28 39
27 39
26 39
25 39
24 39
24 40
25 40
26 40
27 40
28 40
28 39
27 39
26 39
25 39
24 39
24 40
25 40
26 40
27 40
28 40
28 39
27 39
26 39
25 39
24 39
24 40
25 40
26 40
27 40
28 40
28 39
27 39
26 39
25 39
24 39
24 40
25 40
26 40
27 40
28 40
28 39
27 39
26 39
25 39
24 39
24 40
25 40
26 40
27 40
28 40
28 39
27 39
26 39
25 39
24 39
24 40
25 40
26 40
27 40
28 40
28 39
27 39
26 39
25 39
24 39
24 40
25 40
26 40
27 40
28 40
28 39
27 39
26 39
25 39
24 39
24 40
25 40
26 40
27 40
28 40
28 39
27 39
26 39
25 39
24 39
24 40
25 40
26 40
27 40
28 40
28 39
27 39
26 39
25 39
24 39
24 40
25 40
26 40
27 40
28 40
28 39
27 39
26 39
25 39
24 39
24 40
25 40
26 40
27 40
28 40
28 39
27 39
26 39
25 39
24 39
24 40
25 40
26 40
27 40
28 40
28 39
27 39
26 39
25 39
24 39
24 40
25 40
26 40
27 40
28 40
28 39
27 39
26 39
25 39
24 39
24 40
25 40
26 40
27 40
28 40
28 39
27 39
26 39
25 39
24 39
24 40
25 40
26 40
27 40
28 40
28 39
27 39
26 39
25 39
24 39
24 40
25 40
26 40
27 40
28 40
28 39
27 39
26 39
25 39
24 39
24 40
25 40
26 40
27 40
28 40
28 39
27 39
26 39
25 39
24 39
24 40
25 40
26 40
27 40
28 40
28 39
27 39
26 39
25 39
24 39
24 40
25 40
26 40
27 40
28 40
28 39
27 39
26 39
25 39
24 39
24 40
25 40
26 40
27 40
28 40
28 39
27 39
26 39
25 39
24 39
24 40
25 40
26 40
27 40
28 40
28 39
27 39
26 39
25 39
24 39
24 40
25 40
26 40
27 40
28 40
28 39
27 39
26 39
25 39
24 39
24 40
25 40
26 40
