67 96
67 97
66 97
66 96
66 95
65 95
65 94
64 94
64 93
63 93
63 94
63 95
62 95
61 95
61 96
60 96
59 96
59 95
58 95
58 96
57 96
57 95
56 95
56 94
55 94
54 94
53 94
53 93
52 93
52 92
52 91
52 90
51 90
51 89
50 89
50 90
49 90
49 89
48 89
47 89
47 88
46 88
45 88
45 87
44 87
44 86
43 86
43 85
42 85
42 84
41 84
41 83
40 83
39 83
39 82
38 82
38 83
38 84
37 84
37 83
36 83
36 82
35 82
35 81
34 81
34 80
33 80
33 79
32 79
32 78
31 78
31 77
32 77
32 76
31 76
30 76
29 76
29 75
30 75
30 74
29 74
29 73
28 73
28 72
28 71
27 71
27 70
27 69
26 69
26 68
25 68
24 68
24 67
23 67
23 66
22 66
22 65
22 64
21 64
21 63
22 63
22 62
22 61
22 60
21 60
21 59
21 58
20 58
20 57
19 57
19 56
19 55
18 55
18 54
17 54
17 53
16 53
15 53
14 53
13 53
12 53
11 53
10 53
9 53
8 53
7 53
6 53
5 53
4 53
3 53
2 53
2 54
2 55
2 56
2 57
2 58
2 59
2 60
2 61
2 62
2 63
2 64
2 65
2 66
2 67
2 68
2 69
3 69
3 70
2 70
1 70
1 71
1 72
2 72
3 72
3 73
4 73
5 73
5 74
4 74
3 74
3 75
3 76
3 77
4 77
4 78
4 79
4 80
4 81
4 82
5 82
5 81
4 81
3 81
3 82
3 83
3 84
3 85
3 86
3 87
3 88
3 89
3 90
3 91
3 92
3 93
3 94
4 94
5 94
5 95
6 95
6 96
6 97
6 98
5 98
4 98
3 98
2 98
2 97
3 97
3 96
