48 15
47 15
46 15
45 15
44 15
43 15
42 15
41 15
40 15
39 15
38 15
37 15
36 15
35 15
34 15
33 15
32 15
31 15
30 15
29 15
28 15
27 15
26 15
25 15
24 15
23 15
23 14
22 14
21 14
20 14
19 14
18 14
17 14
16 14
15 14
14 14
13 14
12 14
11 14
10 14
9 14
8 14
7 14
6 14
5 14
4 14
3 14
2 14
1 14
1 13
1 12
1 11
1 10
1 9
2 9
3 9
4 9
5 9
6 9
7 9
8 9
9 9
10 9
11 9
12 9
13 9
14 9
15 9
16 9
17 9
18 9
19 9
20 9
21 9
22 9
23 9
24 9
25 9
26 9
27 9
28 9
29 9
30 9
31 9
32 9
33 9
34 9
35 9
36 9
36 10
36 11
36 12
36 13
36 14
36 15
36 16
36 17
36 18
36 19
36 20
36 21
36 22
36 23
36 24
36 25
36 26
36 27
36 28
36 29
36 30
36 31
36 32
36 33
36 34
37 34
38 34
39 34
40 34
41 34
42 34
43 34
44 34
45 34
46 34
47 34
48 34
49 34
50 34
51 34
52 34
53 34
54 34
55 34
56 34
57 34
58 34
58 33
58 32
58 31
58 30
58 29
58 28
58 27
58 26
58 25
58 24
58 23
58 22
58 21
58 20
58 19
58 18
58 17
58 16
58 15
58 14
57 14
56 14
56 15
56 16
56 17
56 18
56 19
56 20
56 21
56 22
56 23
56 24
56 25
56 26
56 27
56 28
56 29
56 30
56 31
56 32
56 33
56 34
56 35
56 36
56 37
56 38
56 39
56 40
56 41
56 42
56 43
56 44
56 45
56 46
56 47
56 48
56 49
56 50
56 51
56 52
56 53
56 54
56 55
56 56
56 57
56 58
56 59
56 60
57 60
57 59
57 58
57 57
56 57
55 57
54 57
53 57
52 57
51 57
50 57
49 57
48 57
47 57
46 57
45 57
44 57
43 57
42 57
41 57
40 57
39 57
38 57
37 57
36 57
35 57
34 57
33 57
32 57
31 57
30 57
29 57
28 57
27 57
26 57
25 57
24 57
23 57
22 57
21 57
20 57
19 57
18 57
17 57
16 57
15 57
14 57
13 57
13 56
13 55
13 54
13 53
13 52
13 51
13 50
13 49
13 48
13 47
13 46
13 45
13 44
13 43
13 42
13 41
13 40
13 39
13 38
13 37
13 36
13 35
13 34
13 33
13 32
13 31
13 30
13 29
13 28
13 27
13 26
13 25
13 24
13 23
13 22
13 21
13 20
13 19
13 18
13 17
13 16
13 15
13 14
13 13
13 12
13 11
13 10
13 9
13 8
13 7
13 6
12 6
12 7
12 8
12 9
12 10
12 11
12 12
12 13
12 14
12 15
12 16
12 17
12 18
12 19
12 20
12 21
12 22
12 23
12 24
12 25
12 26
12 27
12 28
12 29
12 30
12 31
12 32
12 33
12 34
12 35
12 36
12 37
12 38
12 39
12 40
12 41
12 42
12 43
12 44
12 45
12 46
12 47
12 48
12 49
12 50
12 51
12 52
12 53
12 54
12 55
12 56
12 57
12 58
12 59
12 60
13 60
14 60
14 59
13 59
13 58
13 57
12 57
11 57
10 57
9 57
8 57
7 57
6 57
5 57
4 57
3 57
2 57
2 56
2 55
2 54
2 53
2 52
2 51
2 50
2 49
2 48
2 47
2 46
2 45
2 44
2 43
2 42
2 41
2 40
2 39
2 38
2 37
2 36
2 35
2 34
2 33
2 32
2 31
2 30
2 29
2 28
2 27
2 26
2 25
2 24
2 23
2 22
2 21
2 20
2 19
2 18
2 17
2 16
2 15
2 14
2 13
2 12
2 11
3 11
4 11
5 11
6 11
7 11
8 11
9 11
10 11
11 11
12 11
13 11
14 11
15 11
16 11
17 11
18 11
19 11
20 11
21 11
22 11
23 11
24 11
25 11
26 11
26 10
25 10
25 9
25 8
25 7
25 6
25 5
25 4
25 3
25 2
25 1
24 1
24 2
24 3
24 4
24 5
24 6
24 7
24 8
24 9
24 10
24 11
24 12
24 13
24 14
24 15
24 16
24 17
24 18
24 19
24 20
24 21
24 22
24 23
24 24
24 25
24 26
25 26
25 25
26 25
26 24
25 24
25 23
26 23
26 22
25 22
24 22
23 22
22 22
21 22
20 22
19 22
18 22
17 22
16 22
16 23
16 24
16 25
16 26
16 27
16 28
16 29
16 30
16 31
15 31
14 31
13 31
12 31
11 31
10 31
9 31
9 30
9 29
8 29
8 28
8 27
8 26
8 25
8 24
8 23
8 22
8 21
8 20
8 19
8 18
8 17
8 16
8 15
8 14
8 13
8 12
8 11
8 10
8 9
8 8
8 7
8 6
8 5
8 4
8 3
8 2
8 1
7 1
7 2
7 3
7 4
7 5
7 6
7 7
7 8
7 9
7 10
7 11
7 12
7 13
7 14
7 15
7 16
7 17
7 18
7 19
7 20
7 21
8 21
9 21
10 21
11 21
11 20
10 20
9 20
8 20
8 19
8 18
9 18
9 17
8 17
7 17
7 18
7 19
7 20
7 21
7 22
7 23
7 24
7 25
7 26
7 27
7 28
7 29
7 30
7 31
7 32
7 33
7 34
7 35
7 36
7 37
7 38
7 39
8 39
9 39
10 39
11 39
12 39
13 39
14 39
15 39
16 39
17 39
18 39
19 39
20 39
21 39
22 39
23 39
24 39
25 39
26 39
27 39
28 39
29 39
30 39
31 39
32 39
33 39
34 39
35 39
36 39
37 39
38 39
39 39
40 39
41 39
42 39
43 39
44 39
45 39
46 39
47 39
48 39
49 39
50 39
51 39
52 39
53 39
54 39
55 39
55 38
54 38
53 38
52 38
51 38
50 38
49 38
48 38
47 38
46 38
45 38
45 37
45 36
45 35
45 34
45 33
45 32
45 31
45 30
45 29
45 28
45 27
45 26
45 25
45 24
45 23
45 22
45 21
45 20
45 19
45 18
45 17
45 16
45 15
44 15
43 15
42 15
41 15
40 15
39 15
38 15
37 15
36 15
35 15
34 15
33 15
32 15
31 15
30 15
29 15
28 15
27 15
26 15
25 15
24 15
24 16
24 17
24 18
24 19
24 20
24 21
24 22
24 23
24 24
24 25
24 26
24 27
24 28
24 29
24 30
24 31
24 32
24 33
24 34
24 35
24 36
24 37
24 38
24 39
24 40
24 41
24 42
24 43
24 44
24 45
24 46
24 47
25 47
26 47
27 47
28 47
29 47
30 47
31 47
32 47
33 47
34 47
35 47
36 47
37 47
38 47
39 47
40 47
41 47
42 47
43 47
44 47
44 46
44 45
44 44
44 43
44 42
44 41
44 40
44 39
44 38
44 37
44 36
44 35
44 34
44 33
44 32
44 31
44 30
44 29
44 28
44 27
44 26
44 25
43 25
42 25
41 25
40 25
39 25
38 25
37 25
36 25
36 26
36 27
36 28
36 29
36 30
36 31
36 32
36 33
36 34
36 35
36 36
36 37
36 38
36 39
36 40
37 40
38 40
39 40
40 40
41 40
42 40
43 40
44 40
45 40
46 40
47 40
48 40
49 40
50 40
51 40
52 40
53 40
54 40
55 40
56 40
57 40
58 40
59 40
59 39
59 38
59 37
59 36
59 35
59 34
59 33
59 32
59 31
59 30
59 29
59 28
59 27
59 26
59 25
59 24
59 23
58 23
57 23
56 23
55 23
54 23
53 23
52 23
51 23
50 23
49 23
48 23
47 23
46 23
45 23
44 23
43 23
42 23
41 23
40 23
39 23
38 23
37 23
36 23
36 24
36 25
36 26
36 27
36 28
36 29
36 30
36 31
36 32
36 33
36 34
36 35
36 36
37 36
38 36
39 36
40 36
41 36
42 36
43 36
44 36
45 36
46 36
47 36
48 36
49 36
50 36
51 36
51 35
51 34
51 33
51 32
51 31
51 30
51 29
51 28
51 27
51 26
51 25
51 24
51 23
51 22
51 21
51 20
50 20
49 20
48 20
47 20
46 20
45 20
44 20
43 20
42 20
41 20
40 20
39 20
38 20
37 20
36 20
35 20
34 20
33 20
32 20
31 20
30 20
29 20
28 20
27 20
26 20
25 20
24 20
23 20
22 20
21 20
20 20
19 20
18 20
17 20
16 20
15 20
14 20
13 20
12 20
11 20
10 20
9 20
8 20
7 20
7 21
7 22
7 23
7 24
7 25
7 26
7 27
7 28
7 29
7 30
7 31
7 32
7 33
7 34
7 35
7 36
7 37
7 38
7 39
7 40
7 41
7 42
7 43
7 44
7 45
7 46
7 47
7 48
7 49
7 50
7 51
7 52
8 52
9 52
10 52
11 52
12 52
13 52
14 52
15 52
16 52
17 52
18 52
19 52
20 52
21 52
22 52
23 52
24 52
25 52
26 52
27 52
28 52
29 52
30 52
31 52
32 52
33 52
34 52
35 52
36 52
37 52
38 52
39 52
40 52
41 52
42 52
43 52
44 52
45 52
46 52
47 52
47 51
47 50
47 49
47 48
47 47
47 46
47 45
47 44
47 43
47 42
47 41
47 40
47 39
47 38
47 37
47 36
47 35
47 34
47 33
47 32
47 31
47 30
47 29
47 28
47 27
47 26
47 25
47 24
47 23
47 22
47 21
47 20
47 19
47 18
47 17
47 16
47 15
47 14
47 13
47 12
47 11
47 10
48 10
49 10
50 10
51 10
52 10
53 10
54 10
55 10
56 10
57 10
58 10
58 11
58 12
58 13
58 14
58 15
58 16
58 17
58 18
58 19
58 20
58 21
58 22
58 23
58 24
58 25
58 26
58 27
58 28
58 29
58 30
58 31
58 32
58 33
58 34
58 35
58 36
57 36
56 36
55 36
54 36
53 36
52 36
51 36
50 36
49 36
48 36
47 36
46 36
45 36
44 36
43 36
42 36
41 36
40 36
39 36
38 36
37 36
36 36
35 36
34 36
33 36
32 36
31 36
30 36
29 36
28 36
27 36
26 36
25 36
24 36
23 36
22 36
21 36
20 36
19 36
18 36
17 36
16 36
15 36
14 36
13 36
12 36
11 36
10 36
10 37
10 38
10 39
10 40
10 41
10 42
10 43
10 44
10 45
10 46
10 47
10 48
10 49
10 50
10 51
9 51
8 51
8 50
8 49
8 48
8 47
8 46
8 45
8 44
8 43
8 42
8 41
8 40
8 39
8 38
8 37
8 36
8 35
8 34
8 33
8 32
7 32
7 33
7 34
6 34
6 35
7 35
7 36
6 36
5 36
5 35
4 35
4 34
5 34
5 33
4 33
3 33
3 34
2 34
2 35
3 35
3 36
4 36
4 37
5 37
6 37
7 37
8 37
9 37
10 37
11 37
12 37
13 37
14 37
15 37
16 37
17 37
18 37
19 37
20 37
21 37
21 36
21 35
21 34
20 34
19 34
18 34
17 34
16 34
15 34
14 34
13 34
12 34
11 34
10 34
9 34
8 34
7 34
6 34
5 34
4 34
3 34
3 33
3 32
3 31
3 30
3 29
3 28
3 27
3 26
3 25
3 24
3 23
3 22
3 21
3 20
3 19
3 18
2 18
2 19
2 20
2 21
2 22
2 23
2 24
2 25
2 26
2 27
2 28
2 29
2 30
2 31
2 32
2 33
2 34
2 35
2 36
2 37
2 38
2 39
2 40
2 41
2 42
2 43
3 43
4 43
5 43
6 43
7 43
8 43
9 43
10 43
11 43
12 43
13 43
14 43
15 43
16 43
17 43
18 43
19 43
20 43
21 43
22 43
23 43
24 43
25 43
26 43
27 43
28 43
29 43
30 43
31 43
32 43
33 43
34 43
35 43
36 43
37 43
38 43
39 43
40 43
41 43
42 43
43 43
44 43
45 43
46 43
47 43
48 43
49 43
50 43
51 43
52 43
53 43
53 42
53 41
53 40
53 39
53 38
53 37
53 36
53 35
53 34
53 33
53 32
53 31
53 30
52 30
51 30
50 30
49 30
48 30
47 30
46 30
45 30
44 30
43 30
42 30
41 30
41 29
41 28
41 27
41 26
41 25
41 24
40 24
39 24
38 24
37 24
36 24
35 24
34 24
33 24
32 24
31 24
30 24
29 24
28 24
27 24
26 24
25 24
24 24
23 24
22 24
21 24
20 24
19 24
18 24
17 24
16 24
15 24
14 24
13 24
12 24
11 24
10 24
9 24
8 24
7 24
6 24
6 25
6 26
6 27
6 28
6 29
6 30
6 31
6 32
6 33
6 34
7 34
8 34
9 34
10 34
11 34
12 34
13 34
14 34
15 34
16 34
17 34
18 34
19 34
20 34
21 34
22 34
23 34
24 34
25 34
26 34
27 34
28 34
29 34
30 34
31 34
32 34
33 34
34 34
35 34
35 33
35 32
35 31
35 30
35 29
35 28
35 27
35 26
35 25
35 24
35 23
35 22
35 21
35 20
35 19
35 18
35 17
35 16
35 15
35 14
35 13
35 12
35 11
35 10
35 9
35 8
35 7
34 7
33 7
32 7
31 7
30 7
29 7
28 7
27 7
26 7
25 7
24 7
23 7
22 7
21 7
20 7
19 7
18 7
17 7
16 7
15 7
14 7
13 7
12 7
11 7
10 7
9 7
8 7
8 8
8 9
8 10
8 11
8 12
8 13
8 14
8 15
8 16
8 17
8 18
8 19
8 20
8 21
8 22
8 23
8 24
8 25
8 26
8 27
8 28
8 29
8 30
8 31
8 32
8 33
8 34
8 35
8 36
8 37
8 38
8 39
8 40
9 40
10 40
11 40
12 40
13 40
14 40
15 40
16 40
17 40
18 40
19 40
20 40
21 40
22 40
23 40
24 40
25 40
26 40
27 40
28 40
28 39
27 39
26 39
25 39
24 39
23 39
22 39
21 39
20 39
19 39
18 39
17 39
16 39
15 39
14 39
13 39
12 39
11 39
10 39
9 39
8 39
7 39
6 39
5 39
4 39
3 39
3 38
3 37
3 36
3 35
3 34
3 33
3 32
2 32
2 33
2 34
2 35
2 36
2 37
2 38
2 39
2 40
2 41
2 42
2 43
2 44
2 45
2 46
2 47
2 48
3 48
4 48
5 48
6 48
7 48
8 48
9 48
10 48
11 48
12 48
13 48
14 48
15 48
16 48
17 48
18 48
19 48
20 48
21 48
22 48
23 48
24 48
25 48
26 48
27 48
28 48
29 48
30 48
31 48
32 48
33 48
34 48
35 48
36 48
37 48
38 48
39 48
40 48
41 48
42 48
43 48
44 48
45 48
46 48
46 47
46 46
46 45
46 44
46 43
46 42
46 41
46 40
46 39
46 38
46 37
46 36
46 35
46 34
46 33
46 32
46 31
46 30
46 29
46 28
46 27
46 26
46 25
46 24
46 23
46 22
46 21
45 21
44 21
43 21
42 21
41 21
40 21
39 21
38 21
37 21
36 21
35 21
34 21
33 21
32 21
31 21
30 21
29 21
28 21
27 21
26 21
25 21
24 21
23 21
22 21
21 21
20 21
19 21
18 21
17 21
16 21
15 21
14 21
13 21
12 21
11 21
10 21
10 20
10 19
10 18
10 17
10 16
10 15
10 14
10 13
10 12
10 11
10 10
10 9
10 8
10 7
10 6
10 5
10 4
10 3
9 3
9 4
9 5
9 6
9 7
9 8
9 9
9 10
9 11
9 12
9 13
9 14
8 14
8 15
9 15
9 16
8 16
7 16
7 15
6 15
6 14
7 14
7 13
6 13
5 13
5 14
4 14
4 15
5 15
5 16
6 16
6 17
7 17
8 17
9 17
10 17
11 17
12 17
13 17
14 17
15 17
16 17
17 17
18 17
19 17
20 17
21 17
22 17
23 17
24 17
25 17
26 17
27 17
28 17
29 17
30 17
31 17
32 17
33 17
34 17
35 17
36 17
37 17
38 17
39 17
40 17
41 17
42 17
43 17
43 16
43 15
43 14
42 14
41 14
40 14
39 14
38 14
37 14
36 14
35 14
34 14
33 14
32 14
31 14
30 14
29 14
28 14
27 14
27 15
27 16
26 16
25 16
24 16
23 16
23 17
23 18
23 19
23 20
23 21
23 22
23 23
23 24
23 25
23 26
23 27
23 28
23 29
23 30
23 31
23 32
23 33
23 34
23 35
23 36
23 37
23 38
23 39
23 40
23 41
23 42
23 43
23 44
23 45
23 46
23 47
23 48
23 49
23 50
23 51
23 52
23 53
23 54
23 55
24 55
25 55
26 55
27 55
27 54
26 54
25 54
25 53
25 52
25 51
25 50
25 49
25 48
25 47
25 46
25 45
25 44
25 43
25 42
25 41
25 40
25 39
25 38
25 37
25 36
25 35
25 34
25 33
25 32
25 31
25 30
25 29
25 28
25 27
25 26
25 25
24 25
24 26
24 27
23 27
23 28
24 28
24 29
23 29
22 29
21 29
21 28
20 28
20 27
21 27
22 27
22 26
21 26
20 26
19 26
19 27
18 27
18 28
19 28
19 29
20 29
20 30
21 30
22 30
23 30
24 30
24 31
23 31
22 31
21 31
20 31
19 31
19 30
18 30
18 29
17 29
17 28
16 28
16 27
17 27
17 26
16 26
15 26
15 27
14 27
14 28
15 28
15 29
16 29
16 30
17 30
17 31
18 31
18 32
19 32
20 32
21 32
22 32
23 32
24 32
25 32
26 32
27 32
28 32
29 32
30 32
31 32
32 32
33 32
34 32
35 32
36 32
37 32
38 32
39 32
40 32
41 32
42 32
43 32
44 32
45 32
46 32
47 32
48 32
49 32
50 32
51 32
52 32
53 32
53 31
53 30
53 29
53 28
53 27
52 27
51 27
50 27
49 27
48 27
47 27
46 27
45 27
44 27
43 27
42 27
41 27
40 27
39 27
38 27
37 27
36 27
35 27
34 27
33 27
32 27
32 28
32 29
32 30
32 31
32 32
32 33
32 34
32 35
32 36
32 37
32 38
32 39
32 40
32 41
32 42
32 43
32 44
32 45
32 46
32 47
32 48
32 49
32 50
32 51
32 52
32 53
32 54
32 55
33 55
34 55
35 55
36 55
37 55
38 55
39 55
40 55
41 55
42 55
43 55
44 55
45 55
46 55
47 55
48 55
49 55
50 55
51 55
52 55
52 54
51 54
50 54
49 54
48 54
47 54
46 54
45 54
44 54
43 54
42 54
41 54
40 54
39 54
38 54
37 54
36 54
35 54
34 54
33 54
33 53
34 53
34 52
33 52
33 51
34 51
34 50
33 50
32 50
31 50
30 50
29 50
28 50
27 50
26 50
25 50
24 50
23 50
22 50
21 50
20 50
19 50
18 50
17 50
16 50
15 50
14 50
13 50
12 50
11 50
10 50
9 50
8 50
7 50
6 50
6 51
6 52
6 53
6 54
7 54
7 53
7 52
7 51
8 51
9 51
10 51
11 51
12 51
13 51
14 51
15 51
16 51
17 51
18 51
19 51
20 51
21 51
22 51
23 51
24 51
25 51
26 51
27 51
28 51
28 50
27 50
26 50
25 50
24 50
23 50
22 50
21 50
20 50
19 50
18 50
17 50
16 50
15 50
14 50
13 50
12 50
11 50
10 50
9 50
8 50
7 50
7 49
7 48
7 47
7 46
7 45
7 44
7 43
7 42
7 41
7 40
7 39
7 38
7 37
7 36
7 35
7 34
7 33
7 32
7 31
8 31
9 31
10 31
11 31
12 31
13 31
14 31
15 31
16 31
17 31
18 31
19 31
19 30
18 30
17 30
17 29
17 28
17 27
17 26
17 25
17 24
17 23
17 22
17 21
16 21
15 21
14 21
13 21
12 21
11 21
10 21
10 22
10 23
10 24
10 25
10 26
10 27
10 28
10 29
10 30
9 30
8 30
7 30
6 30
6 31
6 32
6 33
6 34
6 35
6 36
6 37
7 37
8 37
9 37
10 37
11 37
12 37
13 37
14 37
15 37
16 37
17 37
18 37
19 37
20 37
21 37
22 37
23 37
24 37
25 37
26 37
27 37
28 37
29 37
30 37
31 37
32 37
33 37
34 37
35 37
36 37
37 37
38 37
39 37
40 37
40 38
40 39
40 40
40 41
40 42
41 42
42 42
43 42
44 42
45 42
46 42
47 42
48 42
49 42
50 42
51 42
52 42
53 42
54 42
55 42
56 42
57 42
57 41
57 40
57 39
57 38
57 37
57 36
57 35
57 34
57 33
57 32
57 31
57 30
57 29
57 28
57 27
57 26
57 25
56 25
55 25
54 25
53 25
52 25
51 25
50 25
49 25
48 25
47 25
46 25
45 25
44 25
43 25
42 25
41 25
40 25
39 25
38 25
37 25
36 25
35 25
34 25
33 25
32 25
31 25
30 25
29 25
28 25
27 25
26 25
25 25
24 25
23 25
23 26
23 27
23 28
23 29
23 30
23 31
23 32
23 33
23 34
23 35
23 36
23 37
23 38
23 39
23 40
23 41
23 42
23 43
23 44
23 45
23 46
23 47
24 47
25 47
26 47
27 47
28 47
29 47
30 47
31 47
31 46
31 45
31 44
31 43
31 42
30 42
30 41
29 41
29 40
29 39
29 38
29 37
29 36
29 35
29 34
29 33
29 32
29 31
29 30
29 29
29 28
29 27
29 26
29 25
29 24
29 23
29 22
29 21
29 20
29 19
29 18
29 17
29 16
29 15
29 14
29 13
29 12
29 11
29 10
29 9
29 8
29 7
30 7
31 7
31 6
30 6
29 6
28 6
27 6
26 6
25 6
24 6
23 6
22 6
21 6
20 6
19 6
18 6
17 6
16 6
15 6
14 6
13 6
12 6
11 6
10 6
9 6
8 6
8 7
8 8
8 9
8 10
8 11
8 12
8 13
8 14
8 15
8 16
8 17
8 18
8 19
8 20
8 21
8 22
8 23
8 24
8 25
8 26
8 27
8 28
8 29
8 30
8 31
8 32
8 33
8 34
8 35
8 36
8 37
8 38
8 39
8 40
8 41
8 42
8 43
8 44
8 45
8 46
8 47
8 48
8 49
8 50
8 51
9 51
10 51
11 51
12 51
13 51
14 51
15 51
16 51
17 51
18 51
19 51
20 51
21 51
22 51
23 51
24 51
25 51
26 51
27 51
27 50
27 49
27 48
27 47
27 46
27 45
27 44
27 43
27 42
27 41
27 40
27 39
27 38
27 37
27 36
27 35
27 34
27 33
27 32
27 31
27 30
27 29
27 28
27 27
27 26
27 25
27 24
27 23
27 22
27 21
27 20
27 19
27 18
27 17
27 16
27 15
27 14
27 13
27 12
27 11
27 10
27 9
27 8
27 7
27 6
27 5
27 4
27 3
28 3
29 3
30 3
31 3
32 3
33 3
34 3
35 3
36 3
37 3
38 3
39 3
40 3
41 3
42 3
42 2
41 2
40 2
39 2
38 2
37 2
36 2
35 2
34 2
33 2
32 2
31 2
30 2
29 2
28 2
27 2
26 2
25 2
24 2
23 2
22 2
21 2
20 2
19 2
18 2
17 2
16 2
15 2
14 2
13 2
12 2
11 2
11 3
11 4
11 5
11 6
11 7
11 8
11 9
11 10
11 11
11 12
11 13
11 14
11 15
11 16
11 17
11 18
11 19
11 20
11 21
11 22
11 23
11 24
11 25
11 26
11 27
11 28
11 29
11 30
11 31
11 32
11 33
11 34
12 34
13 34
14 34
15 34
16 34
17 34
18 34
19 34
20 34
21 34
22 34
23 34
24 34
25 34
26 34
27 34
28 34
29 34
30 34
31 34
32 34
33 34
34 34
35 34
36 34
37 34
38 34
39 34
40 34
41 34
42 34
43 34
44 34
45 34
46 34
47 34
48 34
49 34
50 34
51 34
52 34
53 34
54 34
55 34
56 34
57 34
58 34
59 34
60 34
60 33
60 32
60 31
60 30
60 29
60 28
60 27
60 26
60 25
60 24
60 23
60 22
60 21
60 20
60 19
60 18
60 17
60 16
60 15
60 14
60 13
60 12
60 11
60 10
60 9
60 8
60 7
59 7
58 7
57 7
56 7
55 7
54 7
53 7
52 7
51 7
50 7
49 7
48 7
47 7
46 7
45 7
44 7
43 7
42 7
41 7
40 7
39 7
38 7
37 7
36 7
35 7
34 7
34 8
34 9
34 10
34 11
34 12
34 13
34 14
34 15
34 16
34 17
34 18
34 19
34 20
34 21
34 22
34 23
34 24
34 25
34 26
34 27
34 28
34 29
34 30
34 31
34 32
34 33
34 34
34 35
34 36
34 37
34 38
34 39
34 40
34 41
34 42
34 43
34 44
35 44
36 44
37 44
38 44
39 44
40 44
41 44
42 44
43 44
44 44
45 44
46 44
47 44
48 44
49 44
50 44
51 44
52 44
53 44
53 43
52 43
51 43
50 43
49 43
48 43
47 43
46 43
45 43
44 43
43 43
42 43
41 43
40 43
39 43
38 43
37 43
36 43
35 43
35 42
36 42
37 42
38 42
39 42
40 42
41 42
42 42
43 42
44 42
45 42
46 42
47 42
48 42
49 42
50 42
51 42
52 42
53 42
54 42
55 42
56 42
57 42
58 42
59 42
60 42
60 41
59 41
58 41
57 41
56 41
55 41
54 41
53 41
52 41
51 41
50 41
49 41
48 41
47 41
46 41
45 41
44 41
43 41
42 41
41 41
40 41
39 41
38 41
37 41
36 41
35 41
34 41
33 41
32 41
32 42
31 42
30 42
29 42
28 42
27 42
26 42
25 42
24 42
23 42
22 42
21 42
20 42
19 42
18 42
17 42
16 42
15 42
14 42
13 42
12 42
11 42
10 42
9 42
8 42
7 42
6 42
5 42
4 42
3 42
3 43
3 44
3 45
3 46
3 47
3 48
3 49
3 50
3 51
3 52
3 53
3 54
3 55
4 55
5 55
6 55
7 55
8 55
9 55
10 55
11 55
12 55
13 55
14 55
15 55
16 55
17 55
18 55
19 55
20 55
21 55
22 55
23 55
24 55
25 55
26 55
27 55
28 55
29 55
30 55
30 54
30 53
30 52
30 51
30 50
30 49
30 48
30 47
30 46
30 45
30 44
30 43
30 42
30 41
30 40
30 39
30 38
30 37
29 37
29 38
29 39
29 40
29 41
29 42
28 42
28 43
29 43
29 44
28 44
27 44
27 43
26 43
26 42
27 42
27 41
26 41
25 41
25 42
24 42
24 43
25 43
25 44
26 44
26 45
27 45
28 45
29 45
29 46
28 46
27 46
26 46
25 46
25 45
24 45
24 44
23 44
23 43
22 43
22 42
23 42
23 41
22 41
21 41
21 42
20 42
20 43
21 43
21 44
22 44
22 45
23 45
23 46
24 46
24 47
25 47
26 47
27 47
28 47
29 47
30 47
31 47
31 46
31 45
31 44
31 43
31 42
30 42
30 43
30 44
30 45
30 46
31 46
