45 57
44 57
43 57
42 57
41 57
40 57
39 57
38 57
37 57
36 57
35 57
34 57
33 57
32 57
31 57
30 57
29 57
28 57
28 56
28 55
28 54
28 53
28 52
28 51
28 50
28 49
28 48
28 47
28 46
28 45
28 44
28 43
28 42
28 41
28 40
28 39
28 38
28 37
28 36
28 35
28 34
28 33
28 32
28 31
28 30
28 29
28 28
28 27
28 26
28 25
28 24
28 23
28 22
28 21
28 20
28 19
27 19
26 19
25 19
24 19
23 19
22 19
21 19
20 19
19 19
18 19
17 19
16 19
15 19
14 19
13 19
12 19
11 19
10 19
9 19
8 19
7 19
6 19
5 19
4 19
3 19
2 19
1 19
1 18
1 17
1 16
1 15
1 14
1 13
1 12
1 11
1 10
1 9
1 8
1 7
1 6
1 5
2 5
3 5
4 5
5 5
6 5
7 5
8 5
9 5
10 5
11 5
12 5
13 5
14 5
15 5
16 5
17 5
18 5
19 5
20 5
20 6
20 7
20 8
20 9
20 10
20 11
20 12
20 13
20 14
20 15
20 16
20 17
20 18
20 19
20 20
20 21
20 22
20 23
20 24
20 25
20 26
20 27
20 28
20 29
20 30
20 31
20 32
20 33
20 34
20 35
20 36
20 37
20 38
20 39
20 40
20 41
20 42
20 43
20 44
20 45
20 46
20 47
20 48
20 49
20 50
20 51
21 51
22 51
23 51
24 51
25 51
26 51
27 51
28 51
29 51
30 51
31 51
32 51
33 51
34 51
35 51
36 51
37 51
38 51
39 51
40 51
41 51
42 51
43 51
43 50
43 49
43 48
43 47
43 46
43 45
43 44
43 43
43 42
43 41
43 40
43 39
43 38
43 37
43 36
43 35
43 34
43 33
43 32
43 31
43 30
43 29
42 29
41 29
40 29
39 29
38 29
37 29
36 29
35 29
34 29
33 29
32 29
31 29
30 29
29 29
28 29
27 29
26 29
25 29
24 29
23 29
22 29
21 29
20 29
19 29
18 29
17 29
16 29
15 29
14 29
13 29
12 29
11 29
10 29
9 29
8 29
7 29
6 29
5 29
5 28
5 27
5 26
5 25
5 24
5 23
5 22
5 21
5 20
5 19
5 18
5 17
5 16
5 15
5 14
5 13
5 12
5 11
5 10
5 9
5 8
5 7
5 6
5 5
5 4
5 3
5 2
5 1
4 1
4 2
4 3
4 4
4 5
4 6
4 7
4 8
4 9
4 10
4 11
4 12
4 13
4 14
4 15
4 16
4 17
4 18
4 19
4 20
4 21
4 22
4 23
4 24
4 25
4 26
5 26
6 26
7 26
8 26
9 26
10 26
11 26
12 26
13 26
14 26
15 26
16 26
17 26
18 26
19 26
20 26
21 26
22 26
23 26
23 27
23 28
23 29
23 30
23 31
23 32
23 33
23 34
23 35
23 36
23 37
23 38
23 39
23 40
23 41
23 42
23 43
23 44
23 45
23 46
23 47
23 48
23 49
23 50
23 51
23 52
23 53
23 54
23 55
23 56
23 57
23 58
23 59
23 60
23 61
23 62
22 62
21 62
20 62
19 62
18 62
17 62
16 62
15 62
14 62
13 62
12 62
12 61
12 60
12 59
12 58
12 57
12 56
12 55
12 54
12 53
12 52
12 51
12 50
12 49
12 48
12 47
12 46
12 45
12 44
12 43
12 42
12 41
12 40
12 39
12 38
12 37
12 36
12 35
12 34
12 33
12 32
12 31
12 30
12 29
12 28
12 27
12 26
12 25
12 24
12 23
12 22
12 21
12 20
12 19
12 18
11 18
11 19
11 20
11 21
11 22
11 23
11 24
11 25
11 26
11 27
11 28
11 29
11 30
11 31
11 32
11 33
11 34
11 35
11 36
11 37
11 38
11 39
11 40
11 41
11 42
11 43
11 44
11 45
11 46
11 47
11 48
11 49
11 50
11 51
11 52
11 53
11 54
11 55
11 56
11 57
11 58
11 59
10 59
10 60
9 60
9 61
10 61
11 61
12 61
13 61
14 61
15 61
16 61
17 61
18 61
19 61
20 61
21 61
22 61
23 61
24 61
25 61
26 61
27 61
28 61
29 61
30 61
31 61
32 61
33 61
34 61
35 61
36 61
37 61
38 61
39 61
40 61
41 61
42 61
43 61
44 61
45 61
46 61
47 61
48 61
49 61
50 61
51 61
52 61
53 61
54 61
55 61
56 61
57 61
58 61
59 61
60 61
61 61
62 61
63 61
63 60
62 60
61 60
60 60
59 60
58 60
57 60
56 60
55 60
54 60
53 60
52 60
51 60
50 60
49 60
48 60
47 60
47 59
46 59
45 59
44 59
43 59
42 59
41 59
40 59
39 59
38 59
37 59
36 59
35 59
34 59
33 59
32 59
31 59
30 59
29 59
28 59
27 59
26 59
25 59
24 59
24 58
24 57
24 56
24 55
24 54
24 53
24 52
24 51
24 50
24 49
24 48
24 47
24 46
24 45
24 44
24 43
24 42
24 41
24 40
24 39
24 38
24 37
24 36
24 35
24 34
24 33
24 32
24 31
24 30
24 29
24 28
24 27
25 27
26 27
26 26
25 26
24 26
23 26
22 26
22 27
22 28
22 29
22 30
22 31
22 32
21 32
20 32
19 32
18 32
17 32
16 32
15 32
14 32
13 32
12 32
11 32
10 32
9 32
8 32
7 32
6 32
6 33
6 34
6 35
6 36
6 37
6 38
6 39
6 40
6 41
6 42
6 43
6 44
6 45
6 46
7 46
8 46
9 46
10 46
11 46
12 46
13 46
14 46
15 46
16 46
17 46
18 46
19 46
20 46
21 46
22 46
23 46
24 46
25 46
26 46
27 46
28 46
29 46
30 46
31 46
32 46
33 46
34 46
35 46
36 46
37 46
38 46
39 46
40 46
41 46
42 46
43 46
44 46
45 46
46 46
47 46
48 46
49 46
50 46
51 46
52 46
53 46
54 46
55 46
56 46
57 46
58 46
59 46
60 46
61 46
62 46
62 45
62 44
62 43
62 42
62 41
62 40
62 39
62 38
62 37
62 36
62 35
62 34
62 33
62 32
62 31
62 30
62 29
62 28
62 27
62 26
62 25
62 24
61 24
61 25
61 26
61 27
61 28
61 29
61 30
61 31
61 32
61 33
61 34
61 35
61 36
61 37
61 38
61 39
61 40
61 41
61 42
61 43
61 44
61 45
61 46
61 47
61 48
61 49
61 50
61 51
61 52
61 53
61 54
61 55
61 56
61 57
62 57
63 57
64 57
65 57
66 57
67 57
68 57
69 57
70 57
70 56
69 56
68 56
67 56
66 56
65 56
64 56
63 56
62 56
61 56
60 56
59 56
58 56
57 56
56 56
55 56
54 56
53 56
52 56
51 56
50 56
49 56
48 56
47 56
46 56
45 56
44 56
43 56
43 55
43 54
43 53
43 52
43 51
43 50
43 49
43 48
43 47
43 46
43 45
43 44
43 43
43 42
43 41
43 40
43 39
43 38
43 37
43 36
43 35
43 34
43 33
43 32
43 31
43 30
43 29
43 28
43 27
43 26
43 25
43 24
43 23
43 22
43 21
43 20
43 19
43 18
43 17
43 16
43 15
43 14
43 13
43 12
43 11
43 10
43 9
42 9
41 9
40 9
39 9
38 9
37 9
36 9
35 9
34 9
33 9
32 9
31 9
30 9
29 9
28 9
27 9
26 9
25 9
24 9
23 9
22 9
21 9
20 9
19 9
18 9
17 9
16 9
15 9
14 9
13 9
12 9
11 9
10 9
9 9
8 9
7 9
6 9
5 9
5 10
5 11
5 12
5 13
5 14
5 15
5 16
5 17
5 18
5 19
5 20
5 21
5 22
5 23
5 24
5 25
5 26
5 27
5 28
5 29
5 30
5 31
5 32
5 33
5 34
5 35
5 36
5 37
5 38
5 39
5 40
5 41
5 42
5 43
5 44
5 45
5 46
5 47
5 48
5 49
6 49
7 49
8 49
9 49
10 49
11 49
12 49
13 49
14 49
15 49
16 49
17 49
18 49
19 49
20 49
21 49
22 49
23 49
24 49
25 49
26 49
27 49
28 49
29 49
30 49
31 49
32 49
33 49
34 49
35 49
36 49
37 49
38 49
39 49
40 49
41 49
42 49
43 49
44 49
45 49
46 49
47 49
48 49
49 49
50 49
51 49
52 49
53 49
54 49
55 49
56 49
57 49
58 49
59 49
60 49
61 49
62 49
63 49
64 49
65 49
66 49
67 49
68 49
69 49
70 49
70 48
69 48
68 48
67 48
66 48
65 48
64 48
63 48
62 48
61 48
60 48
59 48
58 48
57 48
56 48
55 48
54 48
53 48
52 48
51 48
50 48
49 48
48 48
47 48
46 48
45 48
44 48
43 48
42 48
41 48
40 48
39 48
38 48
37 48
36 48
35 48
34 48
33 48
32 48
31 48
30 48
29 48
28 48
27 48
26 48
25 48
24 48
23 48
22 48
21 48
20 48
19 48
18 48
17 48
16 48
16 49
16 50
16 51
17 51
18 51
19 51
20 51
21 51
22 51
23 51
24 51
25 51
26 51
27 51
28 51
29 51
30 51
30 50
29 50
28 50
27 50
26 50
25 50
24 50
23 50
22 50
21 50
20 50
19 50
18 50
17 50
16 50
15 50
14 50
13 50
12 50
11 50
10 50
9 50
8 50
8 49
8 48
8 47
8 46
8 45
8 44
8 43
8 42
8 41
8 40
8 39
8 38
8 37
8 36
8 35
8 34
8 33
8 32
8 31
8 30
8 29
8 28
8 27
8 26
8 25
8 24
8 23
8 22
8 21
8 20
8 19
7 19
7 18
6 18
6 17
7 17
8 17
9 17
10 17
11 17
12 17
13 17
14 17
15 17
16 17
17 17
18 17
19 17
20 17
21 17
22 17
23 17
24 17
25 17
26 17
27 17
28 17
29 17
30 17
31 17
32 17
33 17
34 17
35 17
36 17
37 17
38 17
39 17
40 17
41 17
42 17
43 17
44 17
44 18
44 19
44 20
44 21
44 22
44 23
44 24
44 25
44 26
44 27
44 28
44 29
44 30
44 31
44 32
43 32
42 32
41 32
40 32
39 32
38 32
37 32
36 32
35 32
34 32
34 33
33 33
32 33
31 33
30 33
29 33
28 33
27 33
26 33
25 33
24 33
23 33
22 33
21 33
20 33
19 33
18 33
17 33
16 33
15 33
14 33
13 33
12 33
11 33
10 33
9 33
8 33
7 33
6 33
6 34
6 35
6 36
6 37
6 38
6 39
6 40
6 41
6 42
6 43
6 44
6 45
6 46
6 47
6 48
6 49
6 50
6 51
6 52
6 53
6 54
6 55
6 56
6 57
6 58
6 59
6 60
6 61
6 62
6 63
6 64
6 65
6 66
7 66
8 66
9 66
10 66
11 66
12 66
13 66
14 66
15 66
16 66
17 66
18 66
19 66
20 66
21 66
22 66
23 66
24 66
25 66
26 66
27 66
28 66
29 66
30 66
31 66
32 66
33 66
34 66
35 66
36 66
37 66
38 66
39 66
40 66
41 66
42 66
43 66
44 66
45 66
46 66
47 66
48 66
49 66
50 66
51 66
52 66
53 66
54 66
55 66
56 66
57 66
58 66
58 65
58 64
58 63
58 62
58 61
58 60
58 59
58 58
58 57
58 56
58 55
58 54
58 53
58 52
58 51
58 50
58 49
58 48
58 47
58 46
58 45
58 44
58 43
58 42
58 41
58 40
58 39
58 38
58 37
58 36
58 35
58 34
58 33
58 32
58 31
58 30
58 29
58 28
58 27
58 26
58 25
58 24
58 23
58 22
58 21
58 20
58 19
58 18
58 17
58 16
58 15
58 14
58 13
58 12
58 11
58 10
58 9
57 9
56 9
55 9
54 9
53 9
52 9
51 9
50 9
49 9
48 9
47 9
46 9
45 9
44 9
43 9
42 9
41 9
40 9
39 9
38 9
37 9
36 9
35 9
34 9
33 9
32 9
31 9
31 10
31 11
31 12
31 13
31 14
31 15
31 16
31 17
31 18
31 19
31 20
31 21
31 22
31 23
31 24
31 25
31 26
31 27
31 28
31 29
31 30
31 31
31 32
31 33
31 34
31 35
31 36
31 37
31 38
31 39
31 40
31 41
31 42
31 43
31 44
31 45
32 45
33 45
34 45
35 45
36 45
37 45
38 45
39 45
40 45
40 44
40 43
40 42
40 41
40 40
39 40
38 40
37 40
36 40
35 40
34 40
33 40
32 40
32 41
32 42
33 42
34 42
35 42
36 42
37 42
38 42
39 42
39 41
38 41
37 41
36 41
35 41
34 41
33 41
33 42
