45 57
45 58
44 58
44 57
43 57
43 56
42 56
42 55
42 54
41 54
41 53
41 52
40 52
39 52
38 52
38 51
37 51
37 50
36 50
36 49
35 49
35 48
36 48
37 48
37 47
37 46
36 46
36 45
35 45
34 45
34 44
34 43
35 43
34 43
33 43
32 43
31 43
31 42
30 42
30 41
30 40
29 40
29 39
28 39
28 38
28 37
29 37
28 37
28 36
28 35
28 34
27 34
27 33
26 33
26 32
27 32
27 31
27 30
27 29
27 28
27 27
27 26
27 25
28 25
28 24
28 23
28 22
28 21
28 20
27 20
27 19
27 18
27 17
28 17
28 16
29 16
29 17
28 17
28 18
27 18
26 18
26 17
27 17
27 18
28 18
28 19
27 19
27 18
27 17
27 16
27 15
27 14
27 13
26 13
26 12
26 11
26 10
25 10
24 10
24 9
24 8
24 7
24 6
24 5
23 5
22 5
22 6
21 6
20 6
19 6
18 6
18 5
17 5
16 5
15 5
15 4
16 4
17 4
