67 96
66 96
65 96
64 96
63 96
62 96
61 96
60 96
59 96
58 96
57 96
56 96
55 96
54 96
53 96
52 96
51 96
50 96
49 96
48 96
47 96
46 96
45 96
44 96
43 96
42 96
41 96
40 96
39 96
38 96
37 96
36 96
35 96
34 96
33 96
32 96
31 96
30 96
29 96
28 96
27 96
26 96
25 96
24 96
23 96
22 96
21 96
20 96
19 96
18 96
17 96
16 96
15 96
15 95
14 95
13 95
12 95
11 95
10 95
9 95
8 95
7 95
6 95
5 95
4 95
3 95
2 95
2 94
2 93
2 92
2 91
2 90
2 89
2 88
2 87
2 86
2 85
2 84
2 83
2 82
2 81
2 80
2 79
2 78
2 77
2 76
2 75
2 74
2 73
2 72
2 71
2 70
2 69
2 68
2 67
2 66
2 65
2 64
2 63
2 62
2 61
2 60
2 59
2 58
2 57
2 56
2 55
2 54
2 53
1 53
1 54
1 55
1 56
2 56
3 56
3 57
3 58
3 59
3 60
3 61
3 62
3 63
3 64
3 65
3 66
3 67
3 68
3 69
3 70
3 71
3 72
3 73
3 74
3 75
3 76
3 77
3 78
3 79
3 80
3 81
3 82
3 83
3 84
3 85
3 86
3 87
3 88
3 89
3 90
3 91
3 92
3 93
3 94
3 95
2 95
2 96
2 97
2 98
3 98
4 98
5 98
6 98
7 98
8 98
8 97
8 96
8 95
8 94
8 93
8 92
8 91
8 90
8 89
8 88
8 87
8 86
8 85
8 84
8 83
7 83
7 82
7 81
7 80
7 79
7 78
7 77
7 76
7 75
7 74
7 73
7 72
7 71
7 70
7 69
7 68
7 67
7 66
7 65
7 64
7 63
7 62
7 61
7 60
7 59
7 58
7 57
7 56
7 55
7 54
7 53
7 52
7 51
7 50
7 49
7 48
7 47
7 46
7 45
7 44
7 43
7 42
7 41
7 40
7 39
7 38
7 37
7 36
7 35
7 34
7 33
7 32
7 31
7 30
7 29
7 28
7 27
7 26
7 25
7 24
8 24
9 24
10 24
11 24
12 24
13 24
14 24
15 24
16 24
17 24
18 24
19 24
20 24
21 24
22 24
23 24
24 24
25 24
26 24
27 24
28 24
29 24
30 24
31 24
32 24
33 24
34 24
35 24
36 24
37 24
38 24
39 24
40 24
41 24
42 24
43 24
44 24
45 24
46 24
46 23
45 23
44 23
43 23
42 23
42 24
41 24
40 24
39 24
38 24
37 24
36 24
35 24
34 24
33 24
32 24
31 24
30 24
29 24
28 24
27 24
26 24
25 24
24 24
23 24
22 24
21 24
20 24
19 24
18 24
17 24
16 24
15 24
14 24
13 24
13 25
13 26
13 27
13 28
13 29
13 30
13 31
13 32
13 33
13 34
13 35
13 36
13 37
13 38
13 39
13 40
13 41
13 42
13 43
13 44
13 45
13 46
13 47
13 48
13 49
13 50
13 51
13 52
13 53
13 54
13 55
13 56
13 57
13 58
13 59
13 60
13 61
13 62
13 63
13 64
13 65
13 66
13 67
13 68
13 69
13 70
13 71
13 72
13 73
13 74
13 75
13 76
13 77
13 78
13 79
13 80
13 81
13 82
14 82
15 82
16 82
17 82
18 82
19 82
20 82
21 82
22 82
23 82
24 82
25 82
26 82
27 82
28 82
29 82
30 82
31 82
32 82
33 82
34 82
35 82
36 82
37 82
38 82
39 82
40 82
41 82
42 82
43 82
44 82
45 82
46 82
47 82
48 82
49 82
50 82
51 82
52 82
53 82
54 82
55 82
56 82
57 82
58 82
59 82
60 82
61 82
62 82
63 82
64 82
65 82
66 82
67 82
68 82
68 81
67 81
66 81
65 81
64 81
63 81
62 81
61 81
60 81
59 81
58 81
57 81
56 81
55 81
54 81
53 81
52 81
51 81
50 81
49 81
48 81
47 81
46 81
45 81
44 81
43 81
42 81
41 81
40 81
39 81
38 81
37 81
36 81
35 81
34 81
34 80
33 80
32 80
32 79
32 78
32 77
32 76
32 75
32 74
32 73
32 72
32 71
32 70
32 69
32 68
32 67
32 66
32 65
32 64
32 63
32 62
32 61
32 60
32 59
32 58
32 57
32 56
32 55
32 54
32 53
32 52
32 51
32 50
32 49
32 48
32 47
32 46
32 45
32 44
32 43
32 42
32 41
32 40
32 39
31 39
31 38
30 38
30 37
30 36
30 35
30 34
30 33
30 32
30 31
30 30
30 29
30 28
30 27
30 26
30 25
30 24
31 24
32 24
32 23
31 23
30 23
29 23
28 23
27 23
26 23
25 23
25 24
25 25
25 26
25 27
25 28
25 29
25 30
25 31
25 32
25 33
25 34
25 35
25 36
25 37
25 38
25 39
25 40
25 41
25 42
25 43
25 44
25 45
25 46
25 47
25 48
25 49
25 50
25 51
25 52
25 53
25 54
25 55
25 56
25 57
25 58
25 59
25 60
25 61
25 62
24 62
24 63
24 64
24 65
24 66
24 67
24 68
24 69
24 70
24 71
24 72
24 73
24 74
24 75
24 76
24 77
24 78
24 79
24 80
24 81
24 82
24 83
24 84
24 85
24 86
24 87
24 88
24 89
24 90
24 91
24 92
24 93
24 94
25 94
25 93
25 92
25 91
25 90
24 90
23 90
22 90
21 90
20 90
19 90
18 90
17 90
17 89
17 88
17 87
17 86
17 85
17 84
17 83
17 82
17 81
17 80
17 79
17 78
17 77
17 76
17 75
17 74
16 74
16 73
15 73
15 72
16 72
17 72
18 72
19 72
20 72
21 72
22 72
23 72
24 72
25 72
26 72
27 72
28 72
29 72
30 72
31 72
32 72
33 72
34 72
35 72
36 72
37 72
38 72
39 72
40 72
41 72
42 72
43 72
44 72
45 72
46 72
47 72
48 72
49 72
50 72
51 72
52 72
53 72
54 72
55 72
56 72
57 72
58 72
59 72
60 72
61 72
62 72
63 72
64 72
64 71
64 70
64 69
64 68
64 67
64 66
64 65
64 64
64 63
64 62
64 61
64 60
64 59
64 58
64 57
64 56
64 55
64 54
64 53
64 52
64 51
64 50
64 49
64 48
64 47
64 46
64 45
64 44
64 43
64 42
64 41
64 40
64 39
64 38
64 37
64 36
64 35
63 35
62 35
61 35
60 35
59 35
58 35
57 35
56 35
55 35
54 35
53 35
52 35
52 34
52 33
52 32
52 31
52 30
52 29
52 28
52 27
52 26
52 25
52 24
52 23
52 22
51 22
50 22
49 22
48 22
47 22
46 22
45 22
44 22
43 22
42 22
41 22
40 22
39 22
38 22
37 22
36 22
35 22
34 22
33 22
32 22
31 22
30 22
29 22
28 22
27 22
26 22
25 22
24 22
23 22
22 22
21 22
20 22
19 22
18 22
17 22
16 22
15 22
14 22
13 22
12 22
11 22
10 22
9 22
8 22
7 22
6 22
5 22
5 23
4 23
3 23
2 23
2 24
2 25
2 26
2 27
2 28
2 29
2 30
2 31
2 32
2 33
2 34
2 35
2 36
2 37
3 37
4 37
5 37
6 37
7 37
8 37
9 37
10 37
11 37
12 37
13 37
14 37
15 37
16 37
17 37
17 36
17 35
17 34
17 33
17 32
17 31
16 31
16 30
15 30
15 29
15 28
15 27
15 26
15 25
15 24
15 23
16 23
17 23
17 22
16 22
16 21
16 20
16 19
16 18
16 17
16 16
16 15
16 14
16 13
16 12
16 11
16 10
16 9
16 8
16 7
16 6
16 5
16 4
16 3
16 2
16 1
15 1
15 2
15 3
15 4
15 5
15 6
15 7
15 8
15 9
15 10
15 11
15 12
15 13
15 14
15 15
15 16
15 17
15 18
15 19
15 20
15 21
15 22
15 23
15 24
15 25
15 26
15 27
15 28
15 29
15 30
15 31
15 32
15 33
15 34
15 35
15 36
15 37
15 38
15 39
15 40
15 41
15 42
15 43
15 44
15 45
15 46
15 47
15 48
15 49
15 50
15 51
15 52
15 53
15 54
15 55
15 56
15 57
15 58
15 59
15 60
15 61
15 62
15 63
15 64
15 65
15 66
15 67
15 68
15 69
15 70
15 71
15 72
15 73
15 74
15 75
15 76
15 77
15 78
15 79
15 80
15 81
15 82
15 83
15 84
15 85
15 86
15 87
15 88
15 89
15 90
15 91
16 91
17 91
18 91
19 91
20 91
21 91
22 91
23 91
24 91
25 91
26 91
27 91
28 91
29 91
30 91
31 91
32 91
33 91
34 91
35 91
36 91
37 91
38 91
39 91
40 91
41 91
42 91
43 91
44 91
45 91
46 91
47 91
48 91
49 91
50 91
51 91
52 91
53 91
54 91
55 91
56 91
57 91
58 91
59 91
60 91
61 91
62 91
63 91
64 91
65 91
66 91
67 91
68 91
69 91
70 91
71 91
72 91
73 91
73 90
73 89
73 88
73 87
73 86
73 85
73 84
73 83
73 82
73 81
73 80
73 79
73 78
73 77
73 76
73 75
73 74
73 73
73 72
73 71
73 70
73 69
73 68
73 67
73 66
73 65
73 64
73 63
73 62
73 61
73 60
73 59
73 58
73 57
73 56
73 55
73 54
73 53
73 52
73 51
73 50
73 49
73 48
73 47
73 46
73 45
73 44
73 43
73 42
73 41
73 40
73 39
73 38
73 37
73 36
73 35
73 34
73 33
73 32
73 31
73 30
73 29
73 28
73 27
73 26
73 25
73 24
73 23
73 22
73 21
73 20
73 19
73 18
73 17
72 17
72 16
71 16
71 15
72 15
73 15
74 15
75 15
76 15
77 15
78 15
79 15
80 15
81 15
82 15
83 15
84 15
85 15
86 15
87 15
88 15
89 15
89 16
89 17
89 18
89 19
89 20
89 21
89 22
89 23
89 24
89 25
89 26
89 27
89 28
88 28
87 28
86 28
85 28
84 28
83 28
82 28
81 28
80 28
79 28
78 28
77 28
76 28
75 28
74 28
73 28
72 28
71 28
70 28
70 29
69 29
68 29
67 29
66 29
65 29
64 29
63 29
62 29
61 29
60 29
59 29
58 29
57 29
57 30
57 31
57 32
57 33
57 34
57 35
57 36
56 36
55 36
54 36
53 36
52 36
51 36
50 36
49 36
48 36
47 36
46 36
45 36
44 36
43 36
42 36
41 36
40 36
39 36
38 36
37 36
36 36
35 36
34 36
33 36
32 36
31 36
30 36
29 36
28 36
27 36
26 36
25 36
24 36
23 36
23 37
23 38
23 39
23 40
23 41
23 42
23 43
23 44
23 45
23 46
23 47
23 48
23 49
23 50
23 51
23 52
23 53
23 54
23 55
23 56
23 57
23 58
23 59
23 60
23 61
23 62
23 63
23 64
23 65
23 66
23 67
23 68
23 69
23 70
23 71
23 72
23 73
23 74
23 75
23 76
23 77
23 78
23 79
23 80
23 81
23 82
23 83
23 84
23 85
23 86
23 87
23 88
23 89
23 90
23 91
23 92
23 93
24 93
25 93
26 93
27 93
28 93
29 93
30 93
31 93
32 93
33 93
34 93
35 93
36 93
37 93
38 93
39 93
40 93
41 93
42 93
43 93
44 93
45 93
46 93
47 93
48 93
49 93
50 93
51 93
52 93
53 93
54 93
55 93
56 93
57 93
58 93
59 93
60 93
61 93
62 93
63 93
64 93
65 93
66 93
67 93
68 93
69 93
70 93
71 93
72 93
73 93
74 93
75 93
76 93
77 93
78 93
78 92
78 91
78 90
78 89
78 88
78 87
78 86
78 85
78 84
78 83
78 82
78 81
78 80
78 79
78 78
78 77
78 76
78 75
78 74
78 73
78 72
78 71
78 70
78 69
78 68
78 67
78 66
78 65
78 64
78 63
78 62
78 61
78 60
78 59
78 58
78 57
78 56
78 55
78 54
78 53
78 52
78 51
78 50
78 49
78 48
78 47
78 46
78 45
78 44
78 43
78 42
78 41
78 40
78 39
78 38
78 37
78 36
77 36
77 35
77 34
77 33
77 32
77 31
77 30
77 29
77 28
77 27
77 26
77 25
77 24
77 23
77 22
77 21
77 20
76 20
75 20
74 20
73 20
72 20
71 20
70 20
69 20
68 20
67 20
66 20
65 20
64 20
63 20
62 20
61 20
60 20
59 20
58 20
57 20
56 20
55 20
54 20
53 20
52 20
51 20
50 20
49 20
48 20
47 20
46 20
45 20
45 21
45 22
45 23
45 24
45 25
45 26
45 27
45 28
45 29
45 30
45 31
45 32
45 33
45 34
45 35
45 36
45 37
45 38
45 39
45 40
45 41
45 42
45 43
45 44
45 45
45 46
45 47
45 48
45 49
45 50
45 51
45 52
45 53
45 54
45 55
45 56
45 57
45 58
45 59
45 60
45 61
45 62
45 63
45 64
45 65
45 66
45 67
45 68
45 69
45 70
45 71
45 72
45 73
45 74
45 75
45 76
45 77
45 78
45 79
45 80
45 81
45 82
46 82
47 82
48 82
49 82
50 82
51 82
52 82
53 82
54 82
55 82
56 82
57 82
58 82
59 82
60 82
61 82
62 82
62 81
62 80
62 79
62 78
62 77
62 76
62 75
62 74
62 73
62 72
62 71
62 70
62 69
62 68
62 67
62 66
62 65
62 64
62 63
62 62
62 61
62 60
62 59
62 58
62 57
62 56
62 55
62 54
62 53
62 52
62 51
62 50
62 49
62 48
62 47
62 46
62 45
62 44
62 43
62 42
62 41
62 40
62 39
62 38
62 37
62 36
62 35
62 34
62 33
62 32
62 31
62 30
62 29
62 28
62 27
62 26
62 25
62 24
62 23
62 22
62 21
62 20
62 19
62 18
62 17
62 16
62 15
62 14
62 13
62 12
62 11
62 10
62 9
62 8
62 7
62 6
62 5
62 4
62 3
61 3
61 4
61 5
61 6
61 7
61 8
61 9
61 10
61 11
61 12
61 13
61 14
61 15
61 16
61 17
61 18
61 19
61 20
61 21
61 22
61 23
61 24
61 25
61 26
61 27
61 28
61 29
61 30
61 31
60 31
60 32
60 33
60 34
60 35
60 36
60 37
60 38
60 39
60 40
60 41
60 42
60 43
60 44
60 45
60 46
60 47
60 48
60 49
60 50
60 51
60 52
60 53
60 54
59 54
59 55
59 56
59 57
59 58
59 59
59 60
59 61
59 62
59 63
59 64
59 65
60 65
61 65
62 65
63 65
64 65
65 65
66 65
67 65
68 65
69 65
70 65
71 65
72 65
73 65
74 65
75 65
76 65
77 65
78 65
79 65
80 65
81 65
82 65
83 65
84 65
85 65
86 65
87 65
88 65
89 65
90 65
91 65
92 65
93 65
94 65
94 64
94 63
94 62
94 61
94 60
94 59
94 58
94 57
94 56
94 55
94 54
94 53
94 52
94 51
94 50
94 49
94 48
94 47
94 46
94 45
94 44
94 43
94 42
94 41
94 40
94 39
94 38
94 37
94 36
94 35
94 34
94 33
94 32
94 31
94 30
94 29
94 28
94 27
94 26
94 25
94 24
94 23
94 22
94 21
94 20
94 19
94 18
94 17
94 16
94 15
94 14
94 13
94 12
94 11
94 10
94 9
94 8
94 7
94 6
94 5
94 4
94 3
94 2
93 2
92 2
91 2
90 2
89 2
88 2
87 2
86 2
85 2
84 2
83 2
82 2
81 2
80 2
79 2
78 2
77 2
76 2
75 2
74 2
73 2
72 2
71 2
70 2
69 2
68 2
67 2
66 2
65 2
64 2
63 2
62 2
61 2
60 2
59 2
58 2
57 2
56 2
55 2
54 2
53 2
53 3
53 4
53 5
53 6
53 7
53 8
53 9
53 10
53 11
53 12
53 13
53 14
53 15
53 16
53 17
53 18
53 19
53 20
53 21
53 22
53 23
53 24
53 25
53 26
53 27
53 28
53 29
53 30
53 31
53 32
53 33
53 34
53 35
53 36
53 37
53 38
53 39
53 40
53 41
53 42
53 43
53 44
53 45
53 46
53 47
53 48
53 49
53 50
53 51
53 52
53 53
53 54
53 55
53 56
53 57
53 58
53 59
53 60
53 61
53 62
53 63
53 64
53 65
53 66
53 67
53 68
53 69
53 70
53 71
53 72
53 73
53 74
53 75
53 76
53 77
53 78
53 79
53 80
53 81
53 82
53 83
53 84
53 85
53 86
53 87
53 88
53 89
53 90
53 91
52 91
52 92
52 93
52 94
52 95
52 96
52 97
52 98
52 99
53 99
53 98
53 97
53 96
53 95
53 94
53 93
54 93
54 92
54 91
54 90
54 89
54 88
53 88
52 88
51 88
50 88
49 88
48 88
47 88
46 88
45 88
44 88
43 88
42 88
41 88
40 88
39 88
38 88
38 87
38 86
38 85
38 84
38 83
38 82
38 81
38 80
38 79
38 78
38 77
38 76
38 75
38 74
38 73
38 72
38 71
38 70
38 69
38 68
38 67
38 66
38 65
38 64
38 63
38 62
38 61
38 60
38 59
38 58
38 57
38 56
38 55
38 54
38 53
38 52
37 52
36 52
35 52
34 52
33 52
32 52
31 52
30 52
29 52
28 52
27 52
27 53
27 54
27 55
27 56
27 57
28 57
29 57
30 57
31 57
32 57
33 57
34 57
35 57
36 57
37 57
38 57
39 57
40 57
41 57
42 57
43 57
44 57
45 57
46 57
47 57
48 57
49 57
50 57
51 57
52 57
53 57
54 57
55 57
56 57
57 57
58 57
59 57
60 57
61 57
62 57
63 57
64 57
65 57
66 57
67 57
68 57
69 57
70 57
71 57
72 57
73 57
74 57
75 57
76 57
77 57
78 57
79 57
80 57
81 57
82 57
83 57
84 57
85 57
86 57
87 57
88 57
89 57
90 57
91 57
92 57
93 57
94 57
95 57
96 57
97 57
98 57
99 57
100 57
100 56
100 55
100 54
100 53
100 52
100 51
100 50
100 49
100 48
100 47
100 46
100 45
100 44
100 43
100 42
100 41
100 40
99 40
98 40
97 40
96 40
95 40
94 40
93 40
92 40
91 40
90 40
89 40
88 40
87 40
86 40
85 40
84 40
83 40
82 40
81 40
80 40
79 40
78 40
77 40
76 40
75 40
74 40
73 40
72 40
71 40
70 40
69 40
68 40
67 40
66 40
65 40
64 40
63 40
62 40
61 40
60 40
59 40
58 40
57 40
56 40
55 40
54 40
53 40
52 40
51 40
50 40
49 40
48 40
47 40
46 40
45 40
44 40
43 40
42 40
41 40
40 40
39 40
38 40
37 40
37 39
36 39
35 39
34 39
33 39
32 39
31 39
30 39
29 39
28 39
27 39
26 39
25 39
24 39
23 39
22 39
21 39
20 39
19 39
18 39
17 39
16 39
15 39
14 39
13 39
12 39
11 39
10 39
9 39
8 39
7 39
6 39
6 38
6 37
6 36
6 35
6 34
6 33
6 32
6 31
6 30
6 29
6 28
6 27
6 26
6 25
5 25
5 26
5 27
5 28
5 29
5 30
5 31
5 32
5 33
5 34
5 35
5 36
5 37
5 38
5 39
5 40
5 41
5 42
5 43
5 44
5 45
5 46
5 47
5 48
5 49
5 50
5 51
5 52
5 53
5 54
5 55
5 56
5 57
5 58
5 59
5 60
5 61
5 62
5 63
5 64
5 65
5 66
5 67
5 68
5 69
5 70
5 71
5 72
5 73
5 74
5 75
5 76
5 77
5 78
5 79
5 80
5 81
5 82
5 83
5 84
5 85
5 86
5 87
5 88
5 89
5 90
5 91
5 92
5 93
6 93
6 92
7 92
7 91
6 91
6 90
7 90
7 89
6 89
6 88
7 88
7 87
6 87
6 86
7 86
7 85
6 85
6 84
7 84
7 83
6 83
5 83
5 84
5 85
5 86
5 87
5 88
5 89
5 90
5 91
5 92
5 93
6 93
6 94
7 94
8 94
9 94
10 94
11 94
12 94
13 94
14 94
15 94
16 94
17 94
18 94
19 94
20 94
21 94
22 94
23 94
24 94
25 94
26 94
27 94
28 94
29 94
30 94
31 94
32 94
33 94
34 94
35 94
36 94
36 93
37 93
38 93
39 93
40 93
41 93
42 93
43 93
44 93
45 93
46 93
47 93
48 93
49 93
50 93
51 93
52 93
53 93
54 93
55 93
56 93
57 93
58 93
59 93
60 93
61 93
62 93
63 93
64 93
65 93
66 93
67 93
68 93
69 93
70 93
71 93
72 93
73 93
74 93
75 93
76 93
77 93
78 93
79 93
80 93
81 93
82 93
83 93
84 93
85 93
86 93
87 93
88 93
89 93
90 93
91 93
92 93
93 93
94 93
95 93
96 93
97 93
98 93
98 92
98 91
97 91
96 91
95 91
94 91
93 91
92 91
91 91
90 91
89 91
88 91
87 91
86 91
85 91
84 91
83 91
82 91
81 91
80 91
79 91
78 91
77 91
76 91
75 91
74 91
73 91
72 91
71 91
70 91
69 91
68 91
67 91
66 91
65 91
64 91
63 91
62 91
61 91
60 91
60 90
60 89
60 88
60 87
60 86
60 85
60 84
60 83
60 82
60 81
60 80
60 79
60 78
60 77
60 76
60 75
60 74
60 73
60 72
60 71
60 70
60 69
60 68
60 67
60 66
60 65
60 64
60 63
60 62
60 61
60 60
60 59
60 58
60 57
60 56
59 56
59 55
58 55
58 54
58 53
58 52
58 51
58 50
58 49
58 48
58 47
58 46
58 45
58 44
57 44
57 43
56 43
56 42
56 41
56 40
56 39
56 38
56 37
56 36
56 35
56 34
56 33
56 32
56 31
56 30
56 29
56 28
56 27
56 26
56 25
56 24
56 23
56 22
56 21
56 20
56 19
56 18
56 17
56 16
57 16
58 16
59 16
60 16
61 16
62 16
63 16
64 16
65 16
66 16
67 16
68 16
69 16
70 16
71 16
72 16
72 17
72 18
72 19
72 20
72 21
72 22
72 23
72 24
72 25
72 26
72 27
72 28
72 29
72 30
72 31
72 32
72 33
72 34
72 35
72 36
72 37
72 38
72 39
72 40
72 41
72 42
72 43
72 44
72 45
72 46
72 47
72 48
72 49
72 50
72 51
72 52
72 53
72 54
72 55
72 56
72 57
72 58
72 59
72 60
72 61
72 62
72 63
72 64
72 65
72 66
72 67
72 68
72 69
72 70
72 71
72 72
72 73
72 74
72 75
72 76
71 76
71 77
71 78
71 79
71 80
71 81
71 82
71 83
71 84
71 85
71 86
71 87
71 88
71 89
71 90
71 91
71 92
71 93
71 94
72 94
73 94
74 94
75 94
76 94
77 94
77 93
76 93
75 93
74 93
73 93
72 93
72 92
72 91
72 90
72 89
72 88
72 87
72 86
72 85
72 84
72 83
71 83
70 83
69 83
68 83
67 83
66 83
65 83
64 83
63 83
62 83
61 83
60 83
59 83
58 83
57 83
56 83
55 83
54 83
53 83
53 82
53 81
53 80
53 79
53 78
53 77
53 76
53 75
53 74
53 73
53 72
53 71
53 70
53 69
53 68
53 67
53 66
53 65
53 64
53 63
53 62
53 61
53 60
53 59
53 58
53 57
53 56
53 55
53 54
53 53
53 52
53 51
53 50
53 49
53 48
53 47
53 46
53 45
53 44
53 43
53 42
53 41
53 40
53 39
53 38
53 37
53 36
53 35
53 34
53 33
53 32
53 31
53 30
52 30
51 30
50 30
49 30
48 30
47 30
46 30
45 30
44 30
43 30
42 30
41 30
40 30
39 30
38 30
37 30
36 30
35 30
34 30
33 30
32 30
31 30
30 30
29 30
28 30
27 30
26 30
25 30
24 30
23 30
23 29
22 29
21 29
20 29
19 29
18 29
17 29
16 29
15 29
14 29
13 29
12 29
11 29
10 29
9 29
8 29
7 29
6 29
5 29
4 29
4 30
4 31
4 32
4 33
4 34
4 35
4 36
4 37
4 38
4 39
4 40
4 41
4 42
4 43
4 44
4 45
4 46
4 47
4 48
4 49
4 50
4 51
4 52
4 53
4 54
4 55
4 56
4 57
4 58
4 59
4 60
4 61
4 62
4 63
4 64
4 65
4 66
4 67
4 68
4 69
4 70
4 71
4 72
4 73
4 74
4 75
4 76
4 77
4 78
4 79
4 80
4 81
4 82
4 83
4 84
4 85
4 86
4 87
4 88
4 89
4 90
4 91
4 92
4 93
4 94
4 95
4 96
5 96
6 96
7 96
8 96
9 96
10 96
11 96
12 96
13 96
13 95
13 94
13 93
13 92
13 91
13 90
13 89
13 88
13 87
13 86
13 85
13 84
13 83
13 82
13 81
13 80
13 79
13 78
13 77
13 76
13 75
13 74
13 73
13 72
13 71
13 70
13 69
13 68
13 67
13 66
13 65
13 64
13 63
13 62
13 61
13 60
13 59
13 58
13 57
13 56
12 56
12 55
11 55
11 54
10 54
10 53
10 52
10 51
10 50
9 50
9 49
9 48
9 47
9 46
9 45
9 44
9 43
9 42
9 41
9 40
10 40
11 40
12 40
13 40
14 40
15 40
16 40
17 40
18 40
19 40
20 40
21 40
22 40
23 40
24 40
25 40
26 40
27 40
28 40
29 40
30 40
31 40
32 40
33 40
34 40
35 40
35 41
36 41
37 41
38 41
39 41
40 41
41 41
42 41
43 41
44 41
45 41
46 41
47 41
48 41
49 41
50 41
51 41
52 41
53 41
54 41
55 41
56 41
57 41
58 41
59 41
60 41
61 41
62 41
63 41
64 41
65 41
66 41
67 41
68 41
69 41
70 41
71 41
72 41
73 41
74 41
75 41
76 41
77 41
78 41
79 41
79 40
78 40
77 40
76 40
75 40
74 40
73 40
72 40
71 40
70 40
69 40
68 40
67 40
66 40
65 40
64 40
63 40
62 40
61 40
60 40
59 40
58 40
57 40
56 40
55 40
54 40
53 40
52 40
51 40
50 40
49 40
48 40
47 40
46 40
45 40
44 40
43 40
42 40
41 40
40 40
39 40
38 40
37 40
37 39
36 39
35 39
34 39
33 39
32 39
31 39
30 39
29 39
28 39
27 39
26 39
25 39
24 39
23 39
22 39
21 39
20 39
19 39
18 39
17 39
16 39
16 38
16 37
16 36
16 35
15 35
15 34
14 34
14 33
14 32
14 31
14 30
14 29
15 29
16 29
17 29
18 29
19 29
20 29
21 29
22 29
23 29
24 29
25 29
26 29
27 29
28 29
29 29
30 29
31 29
32 29
33 29
34 29
35 29
36 29
36 28
35 28
34 28
33 28
32 28
31 28
30 28
29 28
28 28
27 28
26 28
25 28
24 28
23 28
22 28
21 28
20 28
19 28
18 28
18 29
18 30
18 31
18 32
18 33
18 34
18 35
18 36
18 37
18 38
18 39
18 40
18 41
18 42
19 42
20 42
21 42
22 42
23 42
24 42
25 42
26 42
27 42
28 42
29 42
30 42
31 42
32 42
33 42
34 42
35 42
36 42
37 42
38 42
39 42
40 42
41 42
42 42
43 42
44 42
45 42
46 42
47 42
48 42
49 42
50 42
51 42
52 42
53 42
54 42
55 42
56 42
57 42
58 42
59 42
60 42
61 42
62 42
63 42
64 42
65 42
65 41
65 40
65 39
65 38
65 37
65 36
65 35
65 34
65 33
65 32
65 31
65 30
65 29
65 28
65 27
65 26
65 25
65 24
65 23
65 22
64 22
63 22
62 22
61 22
60 22
59 22
58 22
57 22
56 22
55 22
54 22
53 22
52 22
51 22
50 22
49 22
48 22
47 22
47 23
47 24
47 25
47 26
47 27
47 28
47 29
47 30
47 31
47 32
47 33
47 34
47 35
47 36
47 37
47 38
47 39
47 40
47 41
47 42
47 43
47 44
47 45
47 46
47 47
47 48
47 49
47 50
46 50
45 50
44 50
43 50
42 50
41 50
40 50
39 50
38 50
37 50
36 50
35 50
34 50
33 50
32 50
31 50
30 50
29 50
28 50
27 50
27 51
27 52
27 53
28 53
29 53
30 53
31 53
32 53
33 53
34 53
35 53
36 53
37 53
38 53
39 53
40 53
41 53
42 53
43 53
44 53
45 53
46 53
47 53
48 53
49 53
50 53
51 53
52 53
53 53
54 53
55 53
56 53
57 53
58 53
59 53
60 53
61 53
62 53
63 53
64 53
65 53
66 53
67 53
68 53
69 53
70 53
71 53
72 53
73 53
74 53
75 53
76 53
77 53
78 53
79 53
80 53
81 53
82 53
83 53
84 53
84 52
84 51
84 50
84 49
84 48
84 47
84 46
84 45
84 44
84 43
84 42
84 41
84 40
84 39
84 38
84 37
84 36
84 35
84 34
84 33
84 32
84 31
84 30
84 29
84 28
84 27
84 26
84 25
83 25
83 24
82 24
82 23
82 22
82 21
82 20
82 19
82 18
82 17
82 16
82 15
83 15
84 15
85 15
86 15
87 15
88 15
89 15
89 14
89 13
89 12
89 11
89 10
90 10
91 10
92 10
92 9
91 9
91 8
91 7
91 6
91 5
91 4
91 3
91 2
91 1
90 1
90 2
90 3
90 4
90 5
90 6
90 7
90 8
90 9
89 9
88 9
88 10
88 11
88 12
88 13
88 14
87 14
86 14
85 14
84 14
84 15
84 16
84 17
84 18
84 19
84 20
84 21
84 22
84 23
83 23
83 24
83 25
83 26
83 27
83 28
83 29
83 30
83 31
83 32
83 33
83 34
83 35
83 36
83 37
83 38
83 39
83 40
83 41
83 42
83 43
83 44
83 45
83 46
83 47
83 48
83 49
83 50
83 51
83 52
83 53
83 54
83 55
83 56
83 57
83 58
83 59
83 60
83 61
84 61
85 61
86 61
87 61
88 61
89 61
90 61
91 61
91 60
90 60
89 60
88 60
87 60
86 60
85 60
84 60
84 59
84 58
84 57
84 56
84 55
84 54
84 53
84 52
84 51
84 50
84 49
85 49
86 49
87 49
88 49
89 49
90 49
91 49
92 49
93 49
94 49
95 49
96 49
97 49
98 49
99 49
100 49
100 48
99 48
98 48
97 48
96 48
95 48
94 48
93 48
92 48
91 48
90 48
89 48
88 48
87 48
86 48
85 48
84 48
83 48
82 48
81 48
80 48
79 48
78 48
77 48
76 48
75 48
74 48
73 48
72 48
71 48
70 48
69 48
69 49
68 49
67 49
66 49
65 49
64 49
63 49
62 49
61 49
60 49
59 49
58 49
57 49
56 49
55 49
54 49
53 49
52 49
51 49
50 49
49 49
48 49
47 49
46 49
45 49
44 49
43 49
42 49
41 49
40 49
39 49
38 49
37 49
36 49
35 49
34 49
33 49
32 49
31 49
30 49
29 49
29 50
29 51
29 52
29 53
29 54
29 55
29 56
29 57
29 58
29 59
29 60
29 61
29 62
29 63
29 64
29 65
29 66
29 67
29 68
29 69
29 70
29 71
29 72
29 73
29 74
29 75
29 76
29 77
29 78
29 79
29 80
29 81
29 82
29 83
29 84
29 85
29 86
29 87
29 88
29 89
29 90
29 91
29 92
29 93
29 94
29 95
29 96
29 97
29 98
30 98
31 98
32 98
33 98
34 98
35 98
36 98
37 98
38 98
39 98
40 98
41 98
42 98
43 98
44 98
45 98
46 98
47 98
48 98
49 98
50 98
51 98
52 98
53 98
54 98
55 98
56 98
57 98
58 98
59 98
60 98
61 98
61 97
61 96
61 95
61 94
61 93
61 92
61 91
61 90
61 89
61 88
61 87
61 86
61 85
61 84
61 83
61 82
61 81
61 80
61 79
61 78
61 77
61 76
60 76
60 75
59 75
59 74
59 73
59 72
59 71
59 70
59 69
59 68
59 67
59 66
59 65
59 64
59 63
59 62
59 61
59 60
59 59
59 58
59 57
59 56
59 55
58 55
58 54
58 53
58 52
58 51
58 50
58 49
58 48
58 47
58 46
58 45
58 44
57 44
57 43
56 43
56 42
56 41
56 40
56 39
57 39
58 39
59 39
60 39
61 39
62 39
63 39
64 39
65 39
65 38
65 37
65 36
65 35
65 34
65 33
65 32
65 31
65 30
65 29
65 28
65 27
65 26
65 25
65 24
65 23
65 22
65 21
65 20
65 19
65 18
65 17
65 16
65 15
65 14
65 13
64 13
63 13
62 13
61 13
60 13
59 13
58 13
57 13
56 13
55 13
54 13
53 13
52 13
51 13
50 13
49 13
48 13
47 13
46 13
45 13
44 13
43 13
42 13
41 13
40 13
39 13
38 13
38 14
37 14
37 15
37 16
37 17
37 18
38 18
38 19
38 20
38 21
38 22
38 23
38 24
38 25
38 26
38 27
38 28
38 29
38 30
38 31
38 32
38 33
38 34
38 35
38 36
38 37
38 38
38 39
38 40
38 41
38 42
38 43
38 44
38 45
38 46
38 47
38 48
38 49
38 50
38 51
38 52
38 53
38 54
38 55
38 56
38 57
38 58
38 59
38 60
38 61
38 62
38 63
38 64
38 65
38 66
38 67
38 68
38 69
38 70
38 71
38 72
38 73
38 74
38 75
38 76
38 77
38 78
38 79
39 79
39 78
40 78
40 77
39 77
39 76
40 76
40 75
39 75
39 74
40 74
40 73
39 73
39 72
40 72
40 71
39 71
39 70
40 70
40 69
39 69
39 68
40 68
40 67
39 67
39 66
40 66
40 65
39 65
39 64
40 64
40 63
39 63
39 62
38 62
37 62
36 62
35 62
34 62
34 63
33 63
32 63
31 63
30 63
29 63
28 63
27 63
26 63
26 64
25 64
24 64
23 64
22 64
21 64
20 64
19 64
18 64
17 64
16 64
15 64
14 64
13 64
12 64
11 64
10 64
9 64
8 64
8 65
8 66
8 67
8 68
8 69
8 70
8 71
8 72
8 73
8 74
8 75
8 76
8 77
8 78
8 79
8 80
8 81
9 81
10 81
11 81
12 81
13 81
14 81
15 81
16 81
17 81
18 81
19 81
20 81
21 81
22 81
23 81
24 81
25 81
26 81
27 81
28 81
29 81
30 81
31 81
32 81
32 80
32 79
32 78
32 77
32 76
32 75
32 74
32 73
32 72
32 71
32 70
32 69
32 68
32 67
32 66
32 65
32 64
32 63
32 62
31 62
31 61
31 60
31 59
31 58
31 57
31 56
31 55
31 54
31 53
31 52
31 51
31 50
31 49
31 48
31 47
31 46
31 45
31 44
31 43
31 42
31 41
31 40
31 39
31 38
30 38
30 37
30 36
30 35
30 34
30 33
30 32
30 31
30 30
30 29
30 28
30 27
30 26
30 25
31 25
32 25
33 25
34 25
35 25
36 25
37 25
38 25
39 25
40 25
41 25
42 25
43 25
44 25
45 25
46 25
47 25
48 25
49 25
49 26
50 26
51 26
52 26
53 26
54 26
55 26
56 26
57 26
58 26
59 26
60 26
61 26
62 26
63 26
64 26
65 26
66 26
67 26
68 26
69 26
70 26
71 26
72 26
73 26
74 26
75 26
76 26
77 26
78 26
79 26
80 26
81 26
82 26
83 26
84 26
85 26
86 26
87 26
88 26
88 25
87 25
86 25
85 25
84 25
83 25
82 25
81 25
80 25
79 25
78 25
77 25
76 25
75 25
74 25
73 25
72 25
71 25
70 25
69 25
68 25
67 25
66 25
65 25
64 25
63 25
62 25
61 25
60 25
60 26
60 27
60 28
60 29
60 30
60 31
60 32
60 33
60 34
60 35
60 36
60 37
60 38
60 39
60 40
60 41
60 42
60 43
60 44
60 45
60 46
61 46
62 46
63 46
64 46
65 46
66 46
67 46
68 46
69 46
70 46
71 46
72 46
73 46
74 46
75 46
76 46
77 46
78 46
79 46
80 46
81 46
82 46
82 45
82 44
82 43
82 42
82 41
82 40
82 39
82 38
82 37
82 36
82 35
82 34
82 33
82 32
82 31
82 30
82 29
82 28
82 27
82 26
81 26
80 26
79 26
78 26
77 26
76 26
75 26
74 26
73 26
72 26
71 26
70 26
69 26
68 26
67 26
66 26
65 26
64 26
63 26
62 26
61 26
61 25
61 24
61 23
61 22
61 21
61 20
61 19
61 18
61 17
61 16
61 15
61 14
60 14
59 14
58 14
57 14
56 14
55 14
54 14
53 14
52 14
51 14
50 14
49 14
48 14
47 14
46 14
45 14
44 14
43 14
42 14
41 14
40 14
39 14
38 14
37 14
36 14
35 14
34 14
33 14
32 14
31 14
30 14
29 14
28 14
27 14
26 14
25 14
24 14
23 14
22 14
21 14
20 14
19 14
19 15
19 16
19 17
19 18
19 19
19 20
19 21
19 22
19 23
19 24
19 25
19 26
19 27
19 28
19 29
19 30
19 31
19 32
19 33
19 34
19 35
19 36
19 37
19 38
19 39
19 40
19 41
19 42
19 43
19 44
19 45
19 46
19 47
19 48
19 49
19 50
19 51
19 52
19 53
20 53
21 53
22 53
23 53
24 53
25 53
26 53
27 53
28 53
29 53
30 53
31 53
32 53
33 53
33 52
33 51
33 50
33 49
33 48
33 47
33 46
33 45
33 44
33 43
33 42
33 41
33 40
33 39
33 38
33 37
33 36
33 35
33 34
33 33
33 32
33 31
33 30
33 29
33 28
33 27
33 26
33 25
33 24
33 23
33 22
33 21
33 20
33 19
33 18
33 17
33 16
33 15
33 14
32 14
32 13
31 13
31 12
31 11
32 11
33 11
34 11
35 11
36 11
37 11
37 12
37 13
37 14
37 15
37 16
37 17
37 18
36 18
36 19
36 20
36 21
36 22
36 23
36 24
36 25
36 26
36 27
36 28
36 29
36 30
36 31
36 32
36 33
36 34
36 35
36 36
36 37
36 38
36 39
37 39
37 40
37 41
37 42
37 43
37 44
37 45
37 46
37 47
37 48
37 49
37 50
37 51
37 52
37 53
37 54
37 55
37 56
37 57
37 58
37 59
37 60
37 61
37 62
37 63
37 64
37 65
37 66
37 67
37 68
37 69
37 70
37 71
37 72
37 73
37 74
37 75
37 76
37 77
37 78
37 79
38 79
39 79
40 79
41 79
42 79
42 78
42 77
42 76
42 75
42 74
42 73
42 72
42 71
42 70
42 69
42 68
42 67
42 66
42 65
42 64
42 63
42 62
42 61
42 60
42 59
42 58
42 57
42 56
42 55
42 54
42 53
42 52
42 51
42 50
42 49
42 48
42 47
42 46
42 45
42 44
42 43
42 42
42 41
42 40
42 39
42 38
42 37
42 36
42 35
42 34
42 33
42 32
42 31
42 30
42 29
42 28
42 27
42 26
42 25
42 24
42 23
42 22
42 21
42 20
42 19
42 18
42 17
42 16
41 16
41 15
40 15
40 14
40 13
40 12
41 12
42 12
42 13
43 13
44 13
45 13
46 13
47 13
48 13
49 13
50 13
51 13
52 13
53 13
54 13
55 13
56 13
57 13
58 13
59 13
60 13
61 13
62 13
63 13
64 13
65 13
66 13
67 13
68 13
69 13
70 13
71 13
72 13
73 13
74 13
75 13
76 13
77 13
78 13
79 13
80 13
81 13
82 13
82 12
81 12
80 12
79 12
78 12
77 12
76 12
75 12
74 12
73 12
72 12
71 12
70 12
69 12
68 12
67 12
66 12
65 12
64 12
63 12
62 12
61 12
60 12
59 12
58 12
57 12
56 12
55 12
54 12
53 12
52 12
51 12
50 12
49 12
48 12
47 12
46 12
45 12
45 13
45 14
45 15
45 16
45 17
45 18
45 19
45 20
45 21
45 22
45 23
45 24
45 25
45 26
45 27
45 28
45 29
45 30
45 31
45 32
45 33
45 34
45 35
45 36
46 36
47 36
48 36
49 36
50 36
51 36
52 36
53 36
54 36
55 36
56 36
57 36
58 36
59 36
60 36
61 36
62 36
63 36
64 36
65 36
66 36
67 36
68 36
69 36
70 36
71 36
72 36
73 36
74 36
75 36
76 36
77 36
78 36
79 36
80 36
81 36
82 36
83 36
84 36
85 36
86 36
87 36
88 36
89 36
90 36
90 35
90 34
90 33
90 32
90 31
90 30
90 29
90 28
90 27
90 26
90 25
90 24
90 23
90 22
90 21
90 20
90 19
90 18
90 17
90 16
89 16
89 15
88 15
88 14
89 14
90 14
90 13
89 13
88 13
87 13
86 13
85 13
84 13
83 13
82 13
81 13
80 13
79 13
78 13
77 13
76 13
75 13
74 13
73 13
72 13
71 13
70 13
69 13
68 13
67 13
66 13
65 13
64 13
63 13
62 13
61 13
60 13
59 13
58 13
57 13
56 13
55 13
54 13
53 13
52 13
51 13
50 13
49 13
48 13
47 13
46 13
45 13
44 13
43 13
42 13
41 13
40 13
39 13
38 13
37 13
36 13
35 13
34 13
34 14
33 14
32 14
31 14
30 14
29 14
28 14
27 14
27 15
27 16
27 17
27 18
27 19
27 20
27 21
27 22
26 22
25 22
24 22
23 22
22 22
21 22
20 22
19 22
18 22
17 22
17 21
17 20
17 19
17 18
17 17
17 16
17 15
17 14
17 13
17 12
17 11
17 10
17 9
17 8
17 7
17 6
17 5
17 4
16 4
16 5
16 6
16 7
16 8
16 9
16 10
16 11
16 12
16 13
16 14
16 15
16 16
16 17
16 18
16 19
16 20
16 21
16 22
16 23
16 24
16 25
16 26
16 27
16 28
16 29
16 30
16 31
16 32
16 33
15 33
15 34
15 35
15 36
15 37
15 38
15 39
15 40
15 41
15 42
15 43
15 44
15 45
15 46
15 47
15 48
15 49
15 50
15 51
15 52
15 53
15 54
15 55
15 56
15 57
15 58
15 59
15 60
15 61
15 62
15 63
15 64
15 65
15 66
15 67
15 68
15 69
15 70
15 71
15 72
15 73
15 74
15 75
15 76
15 77
15 78
15 79
15 80
15 81
15 82
16 82
17 82
18 82
19 82
20 82
21 82
22 82
23 82
24 82
25 82
26 82
27 82
28 82
29 82
30 82
31 82
32 82
33 82
34 82
35 82
36 82
37 82
38 82
39 82
40 82
41 82
42 82
43 82
44 82
45 82
46 82
47 82
48 82
49 82
50 82
51 82
52 82
53 82
54 82
55 82
56 82
57 82
58 82
59 82
60 82
61 82
62 82
63 82
64 82
65 82
66 82
67 82
68 82
69 82
70 82
70 81
69 81
68 81
67 81
66 81
65 81
64 81
63 81
62 81
61 81
60 81
59 81
58 81
57 81
56 81
55 81
54 81
53 81
52 81
51 81
50 81
49 81
48 81
47 81
47 80
47 79
47 78
47 77
47 76
47 75
47 74
47 73
47 72
47 71
47 70
47 69
47 68
47 67
47 66
47 65
47 64
47 63
47 62
47 61
47 60
47 59
47 58
47 57
47 56
47 55
47 54
47 53
47 52
47 51
47 50
47 49
47 48
47 47
47 46
47 45
47 44
47 43
47 42
47 41
47 40
47 39
47 38
47 37
47 36
47 35
47 34
47 33
47 32
47 31
47 30
47 29
47 28
47 27
47 26
47 25
47 24
47 23
47 22
47 21
47 20
47 19
47 18
47 17
47 16
46 16
46 17
46 18
46 19
46 20
46 21
46 22
46 23
46 24
46 25
46 26
46 27
46 28
46 29
46 30
46 31
46 32
46 33
46 34
46 35
46 36
46 37
46 38
46 39
46 40
46 41
46 42
46 43
46 44
45 44
45 45
45 46
45 47
45 48
45 49
45 50
45 51
45 52
45 53
45 54
45 55
45 56
45 57
45 58
45 59
45 60
45 61
45 62
45 63
45 64
45 65
45 66
45 67
45 68
45 69
45 70
45 71
45 72
45 73
45 74
45 75
45 76
45 77
45 78
45 79
45 80
45 81
45 82
45 83
45 84
45 85
45 86
45 87
45 88
45 89
45 90
45 91
45 92
46 92
47 92
48 92
49 92
50 92
51 92
52 92
52 91
51 91
50 91
49 91
48 91
47 91
46 91
46 90
47 90
47 89
46 89
46 88
47 88
47 87
46 87
46 86
47 86
47 85
46 85
46 84
47 84
47 83
46 83
46 82
47 82
47 81
46 81
46 80
47 80
47 79
46 79
46 78
47 78
47 77
46 77
46 76
47 76
47 75
46 75
46 74
47 74
47 73
46 73
45 73
45 74
45 75
45 76
45 77
45 78
45 79
45 80
45 81
45 82
45 83
45 84
45 85
45 86
45 87
45 88
45 89
45 90
45 91
45 92
46 92
47 92
48 92
49 92
50 92
51 92
52 92
52 91
51 91
50 91
49 91
48 91
47 91
46 91
46 90
47 90
48 90
49 90
50 90
51 90
52 90
53 90
54 90
55 90
56 90
57 90
58 90
59 90
60 90
61 90
62 90
63 90
64 90
65 90
66 90
67 90
68 90
69 90
70 90
70 91
70 92
69 92
68 92
67 92
66 92
65 92
64 92
63 92
62 92
61 92
60 92
59 92
58 92
57 92
56 92
55 92
54 92
54 93
53 93
52 93
51 93
50 93
49 93
48 93
47 93
46 93
45 93
44 93
43 93
43 94
43 95
43 96
43 97
44 97
45 97
46 97
47 97
48 97
49 97
50 97
51 97
52 97
53 97
54 97
55 97
56 97
57 97
58 97
59 97
60 97
61 97
62 97
63 97
64 97
65 97
66 97
67 97
68 97
69 97
70 97
71 97
71 96
71 95
71 94
71 93
71 92
71 91
71 90
71 89
71 88
71 87
71 86
71 85
71 84
71 83
71 82
71 81
71 80
71 79
71 78
71 77
71 76
71 75
71 74
71 73
71 72
71 71
71 70
71 69
71 68
71 67
71 66
71 65
71 64
71 63
71 62
71 61
71 60
71 59
71 58
71 57
71 56
71 55
71 54
71 53
71 52
71 51
71 50
71 49
71 48
71 47
71 46
71 45
71 44
71 43
71 42
71 41
71 40
71 39
71 38
71 37
71 36
71 35
71 34
71 33
71 32
71 31
71 30
71 29
71 28
71 27
71 26
71 25
71 24
71 23
71 22
71 21
71 20
71 19
71 18
71 17
71 16
70 16
69 16
68 16
67 16
66 16
65 16
64 16
63 16
63 17
63 18
63 19
63 20
62 20
62 21
62 22
62 23
62 24
62 25
62 26
62 27
62 28
62 29
62 30
62 31
62 32
62 33
62 34
62 35
62 36
62 37
62 38
62 39
62 40
62 41
62 42
62 43
62 44
62 45
62 46
62 47
62 48
62 49
62 50
62 51
62 52
62 53
62 54
62 55
62 56
62 57
62 58
62 59
62 60
62 61
62 62
62 63
62 64
62 65
62 66
62 67
62 68
62 69
62 70
62 71
62 72
62 73
62 74
62 75
62 76
62 77
62 78
63 78
63 77
64 77
64 76
63 76
63 75
64 75
64 74
63 74
63 73
63 72
64 72
64 71
63 71
63 70
64 70
64 69
63 69
63 68
64 68
64 67
63 67
63 66
64 66
64 65
63 65
63 64
64 64
64 63
63 63
63 62
64 62
64 61
63 61
63 60
64 60
64 59
63 59
63 58
64 58
64 57
63 57
63 56
64 56
64 55
63 55
63 54
62 54
61 54
60 54
59 54
58 54
57 54
56 54
55 54
54 54
53 54
52 54
51 54
50 54
49 54
48 54
47 54
46 54
45 54
44 54
43 54
42 54
41 54
40 54
39 54
38 54
37 54
36 54
35 54
34 54
33 54
32 54
31 54
30 54
29 54
28 54
27 54
26 54
25 54
24 54
23 54
22 54
22 55
22 56
22 57
22 58
22 59
22 60
22 61
22 62
22 63
22 64
22 65
22 66
22 67
22 68
22 69
22 70
22 71
22 72
22 73
22 74
22 75
22 76
22 77
22 78
22 79
22 80
22 81
22 82
22 83
22 84
22 85
22 86
22 87
22 88
22 89
22 90
22 91
22 92
22 93
22 94
22 95
22 96
22 97
23 97
24 97
25 97
26 97
27 97
28 97
29 97
30 97
31 97
32 97
33 97
34 97
35 97
36 97
37 97
38 97
39 97
40 97
41 97
42 97
43 97
44 97
45 97
46 97
47 97
48 97
49 97
50 97
50 96
50 95
50 94
50 93
50 92
50 91
50 90
50 89
50 88
50 87
50 86
50 85
49 85
48 85
47 85
46 85
45 85
44 85
43 85
42 85
41 85
40 85
39 85
38 85
38 84
37 84
36 84
35 84
34 84
33 84
33 83
33 82
32 82
32 81
31 81
31 80
31 79
31 78
31 77
31 76
31 75
31 74
31 73
31 72
31 71
31 70
31 69
31 68
31 67
31 66
31 65
31 64
31 63
31 62
31 61
31 60
31 59
31 58
31 57
31 56
31 55
31 54
31 53
31 52
31 51
31 50
31 49
31 48
31 47
31 46
32 46
33 46
34 46
35 46
36 46
37 46
38 46
39 46
40 46
41 46
42 46
43 46
44 46
45 46
46 46
47 46
48 46
49 46
50 46
51 46
52 46
53 46
54 46
55 46
56 46
57 46
58 46
59 46
60 46
61 46
62 46
63 46
64 46
65 46
66 46
66 47
66 48
66 49
66 50
66 51
66 52
66 53
66 54
66 55
66 56
66 57
66 58
66 59
66 60
66 61
66 62
66 63
66 64
66 65
66 66
66 67
66 68
66 69
66 70
66 71
66 72
66 73
66 74
66 75
66 76
66 77
66 78
66 79
66 80
66 81
66 82
66 83
66 84
66 85
66 86
66 87
65 87
64 87
63 87
62 87
61 87
60 87
59 87
58 87
57 87
56 87
55 87
54 87
53 87
52 87
51 87
50 87
49 87
48 87
47 87
46 87
45 87
44 87
43 87
42 87
41 87
40 87
39 87
38 87
37 87
36 87
35 87
34 87
33 87
32 87
31 87
30 87
29 87
28 87
27 87
26 87
25 87
24 87
23 87
22 87
21 87
20 87
19 87
18 87
17 87
16 87
15 87
14 87
13 87
12 87
11 87
10 87
9 87
8 87
7 87
7 86
7 85
7 84
7 83
7 82
7 81
7 80
7 79
7 78
7 77
7 76
7 75
7 74
7 73
7 72
8 72
9 72
10 72
11 72
12 72
13 72
14 72
15 72
16 72
17 72
18 72
19 72
20 72
21 72
22 72
23 72
24 72
25 72
26 72
27 72
28 72
29 72
30 72
31 72
32 72
33 72
34 72
35 72
36 72
37 72
38 72
39 72
40 72
41 72
42 72
43 72
44 72
45 72
46 72
47 72
48 72
49 72
50 72
51 72
52 72
53 72
54 72
55 72
56 72
57 72
58 72
59 72
60 72
61 72
61 71
61 70
61 69
61 68
61 67
61 66
61 65
61 64
61 63
61 62
61 61
61 60
61 59
61 58
61 57
61 56
61 55
61 54
61 53
61 52
61 51
61 50
61 49
61 48
61 47
61 46
61 45
61 44
61 43
61 42
61 41
61 40
61 39
61 38
61 37
61 36
61 35
61 34
61 33
60 33
60 32
59 32
59 31
59 30
59 29
60 29
61 29
62 29
63 29
64 29
65 29
66 29
67 29
68 29
69 29
70 29
71 29
72 29
73 29
74 29
74 28
74 27
74 26
74 25
74 24
74 23
74 22
74 21
74 20
74 19
74 18
74 17
74 16
74 15
74 14
74 13
74 12
74 11
74 10
74 9
73 9
72 9
71 9
70 9
69 9
68 9
67 9
66 9
65 9
64 9
63 9
62 9
61 9
60 9
59 9
58 9
57 9
56 9
55 9
54 9
53 9
52 9
51 9
50 9
49 9
48 9
47 9
46 9
45 9
45 10
45 11
45 12
45 13
45 14
45 15
45 16
45 17
45 18
45 19
45 20
45 21
45 22
45 23
45 24
45 25
45 26
45 27
45 28
45 29
45 30
45 31
45 32
45 33
45 34
45 35
45 36
45 37
45 38
45 39
45 40
45 41
45 42
45 43
45 44
45 45
45 46
45 47
45 48
45 49
45 50
45 51
45 52
45 53
45 54
45 55
45 56
45 57
45 58
45 59
45 60
45 61
45 62
45 63
44 63
43 63
42 63
41 63
40 63
39 63
38 63
37 63
36 63
35 63
34 63
33 63
32 63
31 63
30 63
29 63
28 63
27 63
26 63
26 62
25 62
24 62
23 62
22 62
21 62
20 62
19 62
18 62
17 62
17 61
17 60
17 59
17 58
17 57
17 56
17 55
17 54
17 53
17 52
17 51
16 51
16 52
16 53
16 54
16 55
16 56
16 57
16 58
16 59
16 60
16 61
16 62
16 63
16 64
16 65
16 66
16 67
16 68
16 69
16 70
16 71
16 72
16 73
16 74
16 75
16 76
16 77
16 78
16 79
16 80
16 81
16 82
16 83
16 84
16 85
16 86
16 87
16 88
16 89
16 90
16 91
16 92
16 93
16 94
17 94
18 94
19 94
20 94
21 94
22 94
23 94
24 94
25 94
26 94
27 94
28 94
29 94
30 94
31 94
32 94
33 94
34 94
35 94
36 94
36 93
35 93
34 93
33 93
32 93
31 93
30 93
29 93
28 93
27 93
26 93
25 93
24 93
23 93
22 93
21 93
20 93
19 93
18 93
17 93
17 92
18 92
18 91
17 91
17 90
18 90
18 89
17 89
17 88
18 88
18 87
17 87
17 86
18 86
18 85
17 85
17 84
18 84
18 83
17 83
17 82
18 82
18 81
17 81
17 80
18 80
18 79
17 79
16 79
16 80
16 81
16 82
16 83
16 84
16 85
16 86
16 87
16 88
16 89
16 90
16 91
16 92
16 93
16 94
17 94
18 94
19 94
20 94
21 94
22 94
23 94
24 94
25 94
26 94
27 94
28 94
29 94
30 94
31 94
32 94
33 94
34 94
35 94
36 94
36 93
35 93
34 93
33 93
32 93
31 93
30 93
29 93
28 93
27 93
26 93
25 93
24 93
23 93
22 93
21 93
20 93
19 93
18 93
17 93
17 92
18 92
19 92
20 92
21 92
22 92
23 92
24 92
25 92
26 92
27 92
28 92
29 92
30 92
31 92
32 92
33 92
34 92
35 92
36 92
37 92
38 92
39 92
39 91
38 91
37 91
36 91
35 91
34 91
33 91
32 91
31 91
30 91
29 91
28 91
27 91
26 91
25 91
24 91
23 91
22 91
21 91
20 91
19 91
18 91
17 91
16 91
16 92
16 93
16 94
17 94
18 94
19 94
20 94
21 94
22 94
23 94
24 94
25 94
26 94
27 94
28 94
29 94
30 94
31 94
32 94
33 94
34 94
35 94
36 94
36 93
35 93
34 93
33 93
32 93
31 93
30 93
29 93
28 93
27 93
26 93
25 93
24 93
23 93
22 93
21 93
20 93
19 93
18 93
17 93
17 92
18 92
19 92
20 92
21 92
22 92
23 92
24 92
25 92
26 92
27 92
28 92
29 92
30 92
31 92
32 92
33 92
34 92
35 92
36 92
37 92
38 92
39 92
39 91
38 91
37 91
36 91
35 91
34 91
33 91
32 91
31 91
30 91
29 91
28 91
27 91
26 91
25 91
24 91
23 91
22 91
21 91
20 91
19 91
18 91
17 91
16 91
16 92
16 93
16 94
17 94
18 94
19 94
20 94
21 94
22 94
23 94
24 94
25 94
26 94
27 94
28 94
29 94
30 94
31 94
32 94
33 94
34 94
35 94
36 94
36 93
35 93
34 93
33 93
32 93
31 93
30 93
29 93
28 93
27 93
26 93
25 93
24 93
23 93
22 93
21 93
20 93
19 93
18 93
17 93
17 92
18 92
19 92
20 92
21 92
22 92
23 92
24 92
25 92
26 92
27 92
28 92
29 92
30 92
31 92
32 92
33 92
34 92
35 92
36 92
37 92
38 92
39 92
39 91
38 91
37 91
36 91
35 91
34 91
33 91
32 91
31 91
30 91
29 91
28 91
27 91
26 91
25 91
24 91
23 91
22 91
21 91
20 91
19 91
18 91
17 91
16 91
16 92
16 93
16 94
17 94
18 94
19 94
20 94
21 94
22 94
23 94
24 94
25 94
26 94
27 94
28 94
29 94
30 94
31 94
32 94
33 94
34 94
35 94
36 94
36 93
35 93
34 93
33 93
32 93
31 93
30 93
29 93
28 93
27 93
26 93
25 93
24 93
23 93
22 93
21 93
20 93
19 93
18 93
17 93
17 92
18 92
19 92
20 92
21 92
22 92
23 92
24 92
25 92
26 92
27 92
28 92
29 92
30 92
31 92
32 92
33 92
34 92
35 92
36 92
37 92
38 92
39 92
39 91
38 91
37 91
36 91
35 91
34 91
33 91
32 91
31 91
30 91
29 91
28 91
27 91
26 91
25 91
24 91
23 91
22 91
21 91
20 91
19 91
18 91
17 91
16 91
16 92
16 93
16 94
17 94
18 94
19 94
20 94
21 94
22 94
23 94
24 94
25 94
26 94
27 94
28 94
29 94
30 94
31 94
32 94
33 94
34 94
35 94
36 94
36 93
35 93
34 93
33 93
32 93
31 93
30 93
29 93
28 93
27 93
26 93
25 93
24 93
23 93
22 93
21 93
20 93
19 93
18 93
17 93
17 92
18 92
19 92
20 92
21 92
22 92
23 92
24 92
25 92
26 92
27 92
28 92
29 92
30 92
31 92
32 92
33 92
34 92
35 92
36 92
37 92
38 92
39 92
39 91
38 91
37 91
36 91
35 91
34 91
33 91
32 91
31 91
30 91
29 91
28 91
27 91
26 91
25 91
24 91
23 91
22 91
21 91
20 91
19 91
18 91
17 91
16 91
16 92
16 93
16 94
17 94
18 94
19 94
20 94
21 94
22 94
23 94
24 94
25 94
26 94
27 94
28 94
29 94
30 94
31 94
32 94
33 94
34 94
35 94
36 94
36 93
35 93
34 93
33 93
32 93
31 93
30 93
29 93
28 93
27 93
26 93
25 93
24 93
23 93
22 93
21 93
20 93
19 93
18 93
17 93
17 92
18 92
19 92
20 92
21 92
22 92
23 92
24 92
25 92
26 92
27 92
28 92
29 92
30 92
31 92
32 92
33 92
34 92
35 92
36 92
37 92
38 92
39 92
39 91
38 91
37 91
36 91
35 91
34 91
33 91
32 91
31 91
30 91
29 91
28 91
27 91
26 91
25 91
24 91
23 91
22 91
21 91
20 91
19 91
18 91
17 91
16 91
16 92
16 93
16 94
17 94
18 94
19 94
20 94
21 94
22 94
23 94
24 94
25 94
26 94
27 94
28 94
29 94
30 94
31 94
32 94
33 94
34 94
35 94
36 94
36 93
35 93
34 93
33 93
32 93
31 93
30 93
29 93
28 93
27 93
26 93
25 93
24 93
23 93
22 93
21 93
20 93
19 93
18 93
17 93
17 92
18 92
19 92
20 92
21 92
22 92
23 92
24 92
25 92
26 92
27 92
28 92
29 92
30 92
31 92
32 92
33 92
34 92
35 92
36 92
37 92
38 92
39 92
39 91
38 91
37 91
36 91
35 91
34 91
33 91
32 91
31 91
30 91
29 91
28 91
27 91
26 91
25 91
24 91
23 91
22 91
21 91
20 91
19 91
18 91
17 91
16 91
16 92
16 93
16 94
17 94
18 94
19 94
20 94
21 94
22 94
23 94
24 94
25 94
26 94
27 94
28 94
29 94
30 94
31 94
32 94
33 94
34 94
35 94
36 94
36 93
35 93
34 93
33 93
32 93
31 93
30 93
29 93
28 93
27 93
26 93
25 93
24 93
23 93
22 93
21 93
20 93
19 93
18 93
17 93
17 92
18 92
19 92
20 92
21 92
22 92
23 92
24 92
25 92
26 92
27 92
28 92
29 92
30 92
31 92
32 92
33 92
34 92
35 92
36 92
37 92
38 92
39 92
39 91
38 91
37 91
36 91
35 91
34 91
33 91
32 91
31 91
30 91
29 91
28 91
27 91
26 91
25 91
24 91
23 91
22 91
21 91
20 91
19 91
18 91
17 91
16 91
16 92
16 93
16 94
17 94
18 94
19 94
20 94
21 94
22 94
23 94
24 94
25 94
26 94
27 94
28 94
29 94
30 94
31 94
32 94
33 94
34 94
35 94
36 94
36 93
35 93
34 93
33 93
32 93
31 93
30 93
29 93
28 93
27 93
26 93
25 93
24 93
23 93
22 93
21 93
20 93
19 93
18 93
17 93
17 92
18 92
19 92
20 92
21 92
22 92
23 92
24 92
25 92
26 92
27 92
28 92
29 92
30 92
31 92
32 92
33 92
34 92
35 92
36 92
37 92
38 92
39 92
39 91
38 91
37 91
36 91
35 91
34 91
33 91
32 91
31 91
30 91
29 91
28 91
27 91
26 91
25 91
24 91
23 91
22 91
21 91
20 91
19 91
18 91
17 91
16 91
16 92
16 93
16 94
17 94
18 94
19 94
20 94
21 94
22 94
23 94
24 94
25 94
26 94
27 94
28 94
29 94
30 94
31 94
32 94
33 94
34 94
35 94
36 94
36 93
35 93
34 93
33 93
32 93
31 93
30 93
29 93
28 93
27 93
26 93
25 93
24 93
23 93
22 93
21 93
20 93
19 93
18 93
17 93
17 92
18 92
19 92
20 92
21 92
22 92
23 92
24 92
25 92
26 92
27 92
28 92
29 92
30 92
31 92
32 92
33 92
34 92
35 92
36 92
37 92
38 92
39 92
39 91
38 91
37 91
36 91
35 91
34 91
33 91
32 91
31 91
30 91
29 91
28 91
27 91
26 91
25 91
24 91
23 91
22 91
21 91
20 91
19 91
18 91
17 91
16 91
16 92
16 93
16 94
17 94
18 94
19 94
20 94
21 94
22 94
23 94
24 94
25 94
26 94
27 94
28 94
29 94
30 94
31 94
32 94
33 94
34 94
35 94
36 94
36 93
35 93
34 93
33 93
32 93
31 93
30 93
29 93
28 93
27 93
26 93
25 93
24 93
23 93
22 93
21 93
20 93
19 93
18 93
17 93
17 92
18 92
19 92
20 92
21 92
22 92
23 92
24 92
25 92
26 92
27 92
28 92
29 92
30 92
31 92
32 92
33 92
34 92
35 92
36 92
37 92
38 92
39 92
39 91
38 91
37 91
36 91
35 91
34 91
33 91
32 91
31 91
30 91
29 91
28 91
27 91
26 91
25 91
24 91
23 91
22 91
21 91
20 91
19 91
18 91
17 91
16 91
16 92
16 93
16 94
17 94
18 94
19 94
20 94
21 94
22 94
23 94
24 94
25 94
26 94
27 94
28 94
29 94
30 94
31 94
32 94
33 94
34 94
35 94
36 94
36 93
35 93
34 93
33 93
32 93
31 93
30 93
29 93
28 93
27 93
26 93
25 93
24 93
23 93
22 93
21 93
20 93
19 93
18 93
17 93
17 92
18 92
19 92
20 92
21 92
22 92
23 92
24 92
25 92
26 92
27 92
28 92
29 92
30 92
31 92
32 92
33 92
34 92
35 92
36 92
37 92
38 92
39 92
39 91
38 91
37 91
36 91
35 91
34 91
33 91
32 91
31 91
30 91
29 91
28 91
27 91
26 91
25 91
24 91
23 91
22 91
21 91
20 91
19 91
18 91
17 91
16 91
16 92
16 93
16 94
17 94
18 94
19 94
20 94
21 94
22 94
23 94
24 94
25 94
26 94
27 94
28 94
29 94
30 94
31 94
32 94
33 94
34 94
35 94
36 94
36 93
35 93
34 93
33 93
32 93
31 93
30 93
29 93
28 93
27 93
26 93
25 93
24 93
23 93
22 93
21 93
20 93
19 93
18 93
17 93
17 92
18 92
19 92
20 92
21 92
22 92
23 92
24 92
25 92
26 92
27 92
28 92
29 92
30 92
31 92
32 92
33 92
34 92
35 92
36 92
37 92
38 92
39 92
39 91
38 91
37 91
36 91
35 91
34 91
33 91
32 91
31 91
30 91
29 91
28 91
27 91
26 91
25 91
24 91
23 91
22 91
21 91
20 91
19 91
18 91
17 91
16 91
16 92
16 93
16 94
17 94
18 94
19 94
20 94
21 94
22 94
23 94
24 94
25 94
26 94
27 94
28 94
29 94
30 94
31 94
32 94
33 94
34 94
35 94
36 94
36 93
35 93
34 93
33 93
32 93
31 93
30 93
29 93
28 93
27 93
26 93
25 93
24 93
23 93
22 93
21 93
20 93
19 93
18 93
17 93
17 92
18 92
19 92
20 92
21 92
22 92
23 92
24 92
25 92
26 92
27 92
28 92
29 92
30 92
31 92
32 92
33 92
34 92
35 92
36 92
37 92
38 92
39 92
39 91
38 91
37 91
36 91
35 91
34 91
33 91
32 91
31 91
30 91
29 91
28 91
27 91
26 91
25 91
24 91
23 91
22 91
21 91
20 91
19 91
18 91
17 91
16 91
16 92
16 93
16 94
17 94
18 94
19 94
20 94
21 94
22 94
23 94
24 94
25 94
26 94
27 94
28 94
29 94
30 94
31 94
32 94
33 94
34 94
35 94
36 94
36 93
35 93
34 93
33 93
32 93
31 93
30 93
29 93
28 93
27 93
26 93
25 93
24 93
23 93
22 93
21 93
20 93
19 93
18 93
17 93
17 92
18 92
19 92
20 92
21 92
22 92
23 92
24 92
25 92
26 92
27 92
28 92
29 92
30 92
31 92
32 92
33 92
34 92
35 92
36 92
37 92
38 92
39 92
39 91
38 91
37 91
36 91
35 91
34 91
33 91
32 91
31 91
30 91
29 91
28 91
27 91
26 91
25 91
24 91
23 91
22 91
21 91
20 91
19 91
18 91
17 91
16 91
16 92
16 93
16 94
17 94
18 94
19 94
20 94
21 94
22 94
23 94
24 94
25 94
26 94
27 94
28 94
29 94
30 94
31 94
32 94
33 94
34 94
35 94
36 94
36 93
35 93
34 93
33 93
32 93
31 93
30 93
29 93
28 93
27 93
26 93
25 93
24 93
23 93
22 93
21 93
20 93
19 93
18 93
17 93
17 92
18 92
19 92
20 92
21 92
22 92
23 92
24 92
25 92
26 92
27 92
28 92
29 92
30 92
31 92
32 92
33 92
34 92
35 92
36 92
37 92
38 92
39 92
39 91
38 91
37 91
36 91
35 91
34 91
33 91
32 91
31 91
30 91
29 91
28 91
27 91
26 91
25 91
24 91
23 91
22 91
21 91
20 91
19 91
18 91
17 91
16 91
16 92
16 93
16 94
17 94
18 94
19 94
20 94
21 94
22 94
23 94
24 94
25 94
26 94
27 94
28 94
29 94
30 94
31 94
32 94
33 94
34 94
35 94
36 94
36 93
35 93
34 93
33 93
32 93
31 93
30 93
29 93
28 93
27 93
26 93
25 93
24 93
23 93
22 93
21 93
20 93
19 93
18 93
17 93
17 92
18 92
19 92
20 92
21 92
22 92
23 92
24 92
25 92
26 92
27 92
28 92
29 92
30 92
31 92
32 92
33 92
34 92
35 92
36 92
37 92
38 92
39 92
39 91
38 91
37 91
36 91
35 91
34 91
33 91
32 91
31 91
30 91
29 91
28 91
27 91
26 91
25 91
24 91
23 91
22 91
21 91
20 91
19 91
18 91
17 91
16 91
16 92
16 93
16 94
17 94
18 94
19 94
20 94
21 94
22 94
23 94
24 94
25 94
26 94
27 94
28 94
29 94
30 94
31 94
32 94
33 94
34 94
35 94
36 94
36 93
35 93
34 93
33 93
32 93
31 93
30 93
29 93
28 93
27 93
26 93
25 93
24 93
23 93
22 93
21 93
20 93
19 93
18 93
17 93
17 92
18 92
19 92
20 92
21 92
22 92
23 92
24 92
25 92
26 92
27 92
28 92
29 92
30 92
31 92
32 92
33 92
34 92
35 92
36 92
37 92
38 92
39 92
39 91
38 91
37 91
36 91
35 91
34 91
33 91
32 91
31 91
30 91
29 91
28 91
27 91
26 91
25 91
24 91
23 91
22 91
21 91
20 91
19 91
18 91
17 91
16 91
16 92
16 93
16 94
17 94
18 94
19 94
20 94
21 94
22 94
23 94
24 94
25 94
26 94
27 94
28 94
29 94
30 94
31 94
32 94
33 94
34 94
35 94
36 94
36 93
35 93
34 93
33 93
32 93
31 93
30 93
29 93
28 93
27 93
26 93
25 93
24 93
23 93
22 93
21 93
20 93
19 93
18 93
17 93
17 92
18 92
19 92
20 92
21 92
22 92
23 92
24 92
25 92
26 92
27 92
28 92
29 92
30 92
31 92
32 92
33 92
34 92
35 92
36 92
37 92
38 92
39 92
39 91
38 91
37 91
36 91
35 91
34 91
33 91
32 91
31 91
30 91
29 91
28 91
27 91
26 91
25 91
24 91
23 91
22 91
21 91
20 91
19 91
18 91
17 91
16 91
16 92
16 93
16 94
17 94
18 94
19 94
20 94
21 94
22 94
23 94
24 94
25 94
26 94
27 94
28 94
29 94
30 94
31 94
32 94
33 94
34 94
35 94
36 94
36 93
35 93
34 93
33 93
32 93
31 93
30 93
29 93
28 93
27 93
26 93
25 93
24 93
23 93
22 93
21 93
20 93
19 93
18 93
17 93
17 92
18 92
19 92
20 92
21 92
22 92
23 92
24 92
25 92
26 92
27 92
28 92
29 92
30 92
31 92
32 92
33 92
34 92
35 92
36 92
37 92
38 92
39 92
39 91
38 91
37 91
36 91
35 91
34 91
33 91
32 91
31 91
30 91
29 91
28 91
27 91
26 91
25 91
24 91
23 91
22 91
21 91
20 91
19 91
18 91
17 91
16 91
16 92
16 93
16 94
17 94
18 94
19 94
20 94
21 94
22 94
23 94
24 94
25 94
26 94
27 94
28 94
29 94
30 94
31 94
32 94
33 94
34 94
35 94
36 94
36 93
35 93
34 93
33 93
32 93
31 93
30 93
29 93
28 93
27 93
26 93
25 93
24 93
23 93
22 93
21 93
20 93
19 93
18 93
17 93
17 92
18 92
19 92
20 92
21 92
22 92
23 92
24 92
25 92
26 92
27 92
28 92
29 92
30 92
31 92
32 92
33 92
34 92
35 92
36 92
37 92
38 92
39 92
39 91
38 91
37 91
36 91
35 91
34 91
33 91
32 91
31 91
30 91
29 91
28 91
27 91
26 91
25 91
24 91
23 91
22 91
21 91
20 91
19 91
18 91
17 91
16 91
16 92
16 93
16 94
17 94
18 94
19 94
20 94
21 94
22 94
23 94
24 94
25 94
26 94
27 94
28 94
29 94
30 94
31 94
32 94
33 94
34 94
35 94
36 94
36 93
35 93
34 93
33 93
32 93
31 93
30 93
29 93
28 93
27 93
26 93
25 93
24 93
23 93
22 93
21 93
20 93
19 93
18 93
17 93
17 92
18 92
19 92
20 92
21 92
22 92
23 92
24 92
25 92
26 92
27 92
28 92
29 92
30 92
31 92
32 92
33 92
34 92
35 92
36 92
37 92
38 92
39 92
39 91
38 91
37 91
36 91
35 91
34 91
33 91
32 91
31 91
30 91
29 91
28 91
27 91
26 91
25 91
24 91
23 91
22 91
21 91
20 91
19 91
18 91
17 91
16 91
16 92
16 93
16 94
17 94
18 94
19 94
20 94
21 94
22 94
23 94
24 94
25 94
26 94
27 94
28 94
29 94
30 94
31 94
32 94
33 94
34 94
35 94
36 94
36 93
35 93
34 93
33 93
32 93
31 93
30 93
29 93
28 93
27 93
26 93
25 93
24 93
23 93
22 93
21 93
20 93
19 93
18 93
17 93
17 92
18 92
19 92
20 92
21 92
22 92
23 92
24 92
25 92
26 92
27 92
28 92
29 92
30 92
31 92
32 92
33 92
34 92
35 92
36 92
37 92
38 92
39 92
39 91
38 91
37 91
36 91
35 91
34 91
33 91
32 91
31 91
30 91
29 91
28 91
27 91
26 91
25 91
24 91
23 91
22 91
21 91
20 91
19 91
18 91
17 91
16 91
16 92
16 93
16 94
17 94
18 94
19 94
20 94
21 94
22 94
23 94
24 94
25 94
26 94
27 94
28 94
29 94
30 94
31 94
32 94
33 94
34 94
35 94
36 94
36 93
35 93
34 93
33 93
32 93
31 93
30 93
29 93
28 93
27 93
26 93
25 93
24 93
23 93
22 93
21 93
20 93
19 93
18 93
17 93
17 92
18 92
19 92
20 92
21 92
22 92
23 92
24 92
25 92
26 92
27 92
28 92
29 92
30 92
31 92
32 92
33 92
34 92
