33 11
32 11
31 11
30 11
30 12
30 13
29 13
28 13
27 13
26 13
25 13
25 14
25 15
24 15
23 15
22 15
21 15
20 15
19 15
18 15
18 16
18 17
19 17
20 17
21 17
22 17
22 18
23 18
23 19
24 19
24 20
24 21
24 22
24 23
25 23
25 24
25 25
25 26
25 27
25 28
26 28
27 28
28 28
28 29
28 30
28 31
29 31
30 31
30 32
30 33
31 33
31 34
32 34
33 34
34 34
35 34
36 34
37 34
38 34
39 34
40 34
41 34
41 35
42 35
43 35
43 36
43 37
43 38
43 39
43 40
44 40
44 41
44 42
44 43
44 44
45 44
46 44
46 45
47 45
47 46
47 47
47 48
48 48
48 49
49 49
50 49
50 50
49 50
48 50
48 49
48 48
48 47
48 46
48 45
48 44
48 43
48 42
48 41
48 40
48 39
48 38
48 37
48 36
48 35
49 35
49 34
49 33
49 32
49 31
49 30
49 29
49 28
49 27
49 26
49 25
49 24
49 23
49 22
49 21
49 20
49 19
49 18
49 17
49 16
49 15
49 14
49 13
49 12
49 11
49 10
49 9
49 8
49 7
48 7
47 7
47 8
47 9
47 10
47 11
46 11
46 12
46 13
46 14
45 14
45 15
45 16
45 17
45 18
45 19
45 20
45 21
45 22
45 23
45 24
45 25
45 26
45 27
45 28
45 29
45 30
45 31
45 32
45 33
45 34
44 34
43 34
42 34
41 34
40 34
39 34
38 34
37 34
36 34
35 34
34 34
33 34
32 34
31 34
30 34
29 34
28 34
27 34
26 34
25 34
24 34
23 34
22 34
21 34
20 34
19 34
19 33
18 33
17 33
16 33
15 33
14 33
13 33
12 33
12 32
12 31
13 31
14 31
15 31
16 31
17 31
18 31
19 31
19 30
19 29
20 29
20 28
21 28
22 28
23 28
24 28
25 28
26 28
