20 12
20 13
21 13
21 14
22 14
22 15
23 15
24 15
25 15
25 14
26 14
26 13
25 13
24 13
24 14
25 14
26 14
27 14
28 14
29 14
30 14
30 13
30 12
29 12
28 12
27 12
26 12
25 12
24 12
23 12
22 12
21 12
20 12
20 13
21 13
22 13
22 14
22 15
22 16
22 17
22 18
22 19
22 20
21 20
21 21
20 21
20 22
20 23
19 23
18 23
17 23
16 23
15 23
14 23
14 24
13 24
12 24
12 25
12 26
11 26
10 26
9 26
8 26
8 27
7 27
6 27
5 27
5 26
5 25
5 24
5 23
4 23
4 24
4 25
4 26
4 27
3 27
3 28
3 29
4 29
4 30
3 30
2 30
1 30
1 29
1 28
1 27
1 26
0 26
