67 96
67 95
67 94
67 93
67 92
66 92
65 92
65 91
65 90
65 89
64 89
64 88
63 88
63 87
62 87
62 86
62 85
62 84
61 84
61 83
61 82
60 82
59 82
58 82
58 81
57 81
56 81
55 81
54 81
53 81
52 81
51 81
50 81
49 81
48 81
47 81
47 80
47 79
46 79
46 78
45 78
44 78
43 78
42 78
41 78
40 78
40 77
39 77
39 76
39 75
39 74
39 73
38 73
38 72
38 71
37 71
36 71
35 71
35 70
35 69
34 69
33 69
32 69
31 69
31 68
30 68
29 68
28 68
28 67
28 66
28 65
28 64
27 64
27 63
27 62
27 61
26 61
26 60
26 59
25 59
24 59
23 59
22 59
21 59
20 59
19 59
18 59
17 59
16 59
15 59
14 59
13 59
12 59
11 59
10 59
10 58
10 57
9 57
8 57
7 57
6 57
5 57
4 57
4 56
4 55
4 54
3 54
3 53
2 53
2 54
2 55
2 56
2 57
2 58
2 59
2 60
2 61
2 62
2 63
2 64
2 65
2 66
2 67
2 68
2 69
2 70
2 71
2 72
2 73
2 74
2 75
2 76
2 77
2 78
2 79
2 80
2 81
2 82
2 83
2 84
2 85
2 86
2 87
2 88
2 89
2 90
2 91
2 92
2 93
2 94
2 95
2 96
2 97
2 98
3 98
3 97
4 97
4 96
4 95
4 94
5 94
5 93
5 92
5 91
5 90
6 90
6 89
6 88
6 87
6 86
6 85
6 84
6 83
6 82
6 81
7 81
7 80
7 79
7 78
7 77
7 76
8 76
8 75
8 74
9 74
9 73
10 73
10 72
11 72
11 71
11 70
11 69
11 68
11 67
11 66
11 65
11 64
12 64
13 64
13 63
13 62
13 61
13 60
13 59
13 58
13 57
13 56
13 55
13 54
13 53
13 52
13 51
13 50
13 49
14 49
15 49
16 49
16 48
16 47
17 47
17 46
17 45
17 44
18 44
19 44
19 43
19 42
19 41
19 40
19 39
19 38
19 37
19 36
19 35
19 34
19 33
20 33
20 32
21 32
21 31
21 30
21 29
21 28
22 28
22 27
23 27
23 26
23 25
24 25
25 25
26 25
27 25
27 24
28 24
29 24
30 24
31 24
32 24
33 24
34 24
35 24
36 24
37 24
38 24
39 24
40 24
41 24
42 24
43 24
44 24
45 24
46 24
46 25
45 25
44 25
43 25
43 26
42 26
41 26
41 27
41 28
41 29
40 29
40 30
39 30
38 30
38 31
38 32
38 33
37 33
36 33
36 34
35 34
35 35
34 35
33 35
32 35
32 36
31 36
31 37
30 37
29 37
29 38
29 39
29 40
28 40
27 40
26 40
25 40
24 40
23 40
22 40
21 40
20 40
19 40
19 41
18 41
17 41
16 41
15 41
15 42
15 43
15 44
15 45
15 46
15 47
15 48
15 49
15 50
15 51
15 52
15 53
14 53
13 53
13 54
13 55
13 56
13 57
13 58
13 59
13 60
13 61
13 62
13 63
13 64
13 65
13 66
13 67
13 68
14 68
14 69
14 70
15 70
15 71
15 72
15 73
15 74
15 75
16 75
16 76
16 77
17 77
18 77
18 78
19 78
20 78
20 79
20 80
20 81
20 82
21 82
22 82
23 82
24 82
25 82
26 82
27 82
28 82
29 82
30 82
31 82
32 82
33 82
34 82
35 82
36 82
37 82
38 82
39 82
40 82
41 82
42 82
43 82
44 82
45 82
46 82
47 82
48 82
49 82
50 82
51 82
52 82
53 82
54 82
55 82
56 82
57 82
58 82
59 82
60 82
61 82
62 82
63 82
64 82
65 82
66 82
67 82
68 82
68 81
68 80
68 79
68 78
68 77
68 76
67 76
67 75
67 74
67 73
67 72
67 71
66 71
66 70
66 69
66 68
66 67
66 66
66 65
66 64
66 63
66 62
65 62
64 62
63 62
63 61
62 61
62 60
62 59
62 58
62 57
62 56
61 56
61 55
61 54
61 53
60 53
59 53
58 53
57 53
57 52
56 52
56 51
55 51
54 51
53 51
52 51
52 50
52 49
51 49
51 48
51 47
50 47
50 46
50 45
50 44
49 44
49 43
48 43
47 43
47 42
46 42
45 42
44 42
44 41
44 40
43 40
43 39
43 38
43 37
42 37
41 37
41 36
41 35
41 34
41 33
41 32
40 32
39 32
38 32
38 31
38 30
37 30
36 30
35 30
34 30
33 30
32 30
32 29
32 28
32 27
32 26
32 25
32 24
31 24
30 24
30 25
29 25
29 26
29 27
29 28
28 28
27 28
27 29
27 30
27 31
27 32
27 33
27 34
27 35
27 36
27 37
27 38
27 39
27 40
27 41
27 42
27 43
27 44
27 45
27 46
27 47
27 48
27 49
27 50
27 51
27 52
26 52
26 53
26 54
26 55
26 56
26 57
26 58
26 59
26 60
26 61
26 62
26 63
26 64
26 65
26 66
26 67
26 68
25 68
25 69
25 70
25 71
25 72
25 73
25 74
25 75
25 76
25 77
25 78
25 79
25 80
25 81
25 82
25 83
25 84
25 85
25 86
25 87
25 88
25 89
25 90
25 91
25 92
25 93
25 94
24 94
24 93
24 92
24 91
24 90
23 90
22 90
21 90
21 89
21 88
21 87
20 87
19 87
18 87
18 86
18 85
18 84
18 83
18 82
18 81
18 80
18 79
18 78
18 77
18 76
18 75
18 74
18 73
18 72
17 72
17 71
17 70
17 69
18 69
18 68
18 67
18 66
18 65
19 65
19 64
19 63
19 62
19 61
20 61
20 60
20 59
20 58
20 57
20 56
20 55
21 55
21 54
21 53
21 52
22 52
22 51
22 50
22 49
23 49
23 48
23 47
24 47
24 46
24 45
24 44
24 43
24 42
25 42
25 41
25 40
25 39
25 38
25 37
26 37
27 37
28 37
29 37
30 37
31 37
32 37
33 37
34 37
35 37
35 36
36 36
37 36
38 36
39 36
40 36
41 36
42 36
43 36
44 36
45 36
46 36
47 36
48 36
49 36
50 36
51 36
52 36
52 35
53 35
54 35
55 35
56 35
57 35
58 35
59 35
60 35
61 35
62 35
63 35
64 35
64 34
63 34
63 33
62 33
61 33
60 33
59 33
58 33
57 33
57 32
57 31
56 31
55 31
55 30
55 29
55 28
54 28
53 28
53 27
53 26
52 26
52 25
52 24
52 23
52 22
51 22
50 22
49 22
49 23
49 24
48 24
47 24
46 24
46 25
46 26
45 26
45 27
44 27
43 27
42 27
41 27
40 27
39 27
38 27
38 28
37 28
36 28
36 29
35 29
34 29
33 29
33 30
33 31
32 31
31 31
30 31
29 31
28 31
27 31
26 31
25 31
25 32
24 32
23 32
22 32
21 32
20 32
19 32
18 32
17 32
17 33
16 33
15 33
14 33
13 33
12 33
11 33
10 33
9 33
9 34
9 35
8 35
8 36
7 36
6 36
5 36
4 36
4 37
3 37
2 37
2 36
2 35
2 34
2 33
2 32
2 31
3 31
4 31
5 31
6 31
7 31
8 31
9 31
10 31
11 31
12 31
12 30
12 29
12 28
13 28
14 28
14 27
14 26
15 26
16 26
16 25
16 24
17 24
17 23
18 23
18 24
18 25
18 26
18 27
18 28
18 29
18 30
18 31
18 32
18 33
18 34
17 34
17 35
16 35
16 36
16 37
16 38
16 39
16 40
16 41
16 42
16 43
16 44
16 45
16 46
16 47
16 48
16 49
16 50
16 51
16 52
16 53
16 54
16 55
16 56
16 57
16 58
16 59
16 60
16 61
16 62
16 63
16 64
16 65
16 66
16 67
16 68
16 69
16 70
16 71
16 72
16 73
16 74
16 75
16 76
16 77
16 78
16 79
16 80
16 81
16 82
16 83
16 84
16 85
16 86
16 87
16 88
16 89
16 90
16 91
17 91
17 90
17 89
17 88
17 87
17 86
17 85
18 85
18 84
18 83
18 82
19 82
19 81
20 81
20 80
20 79
21 79
22 79
22 78
22 77
22 76
23 76
23 75
24 75
25 75
25 74
25 73
25 72
25 71
25 70
25 69
25 68
25 67
25 66
25 65
26 65
27 65
27 64
27 63
27 62
27 61
27 60
27 59
27 58
27 57
27 56
28 56
29 56
29 55
29 54
29 53
29 52
29 51
29 50
29 49
29 48
30 48
30 47
30 46
31 46
31 45
31 44
31 43
31 42
31 41
31 40
31 39
31 38
31 37
32 37
32 36
32 35
32 34
32 33
33 33
33 32
34 32
34 31
34 30
34 29
34 28
34 27
34 26
34 25
34 24
34 23
34 22
34 21
35 21
36 21
36 20
37 20
38 20
39 20
40 20
40 19
40 18
40 17
40 16
41 16
42 16
43 16
44 16
45 16
46 16
46 15
47 15
48 15
49 15
50 15
51 15
52 15
53 15
54 15
55 15
56 15
57 15
58 15
59 15
60 15
61 15
62 15
63 15
64 15
65 15
66 15
67 15
68 15
69 15
70 15
71 15
72 15
73 15
74 15
74 16
74 17
75 17
76 17
77 17
78 17
78 18
78 19
78 20
78 21
78 22
79 22
80 22
81 22
82 22
82 23
83 23
84 23
85 23
85 24
85 25
85 26
85 27
85 28
86 28
87 28
88 28
89 28
89 29
89 30
88 30
87 30
86 30
85 30
84 30
83 30
82 30
81 30
80 30
79 30
78 30
77 30
76 30
75 30
74 30
73 30
73 31
72 31
71 31
70 31
69 31
68 31
67 31
66 31
65 31
64 31
63 31
62 31
61 31
60 31
60 32
60 33
60 34
60 35
59 35
59 36
58 36
57 36
56 36
55 36
55 37
54 37
54 38
54 39
54 40
54 41
54 42
54 43
54 44
54 45
53 45
52 45
52 46
51 46
50 46
49 46
49 47
49 48
48 48
47 48
47 49
46 49
46 50
46 51
46 52
46 53
46 54
45 54
44 54
43 54
42 54
42 55
41 55
40 55
39 55
38 55
37 55
36 55
35 55
34 55
34 56
34 57
33 57
32 57
31 57
31 58
31 59
30 59
29 59
28 59
27 59
27 60
27 61
26 61
26 62
26 63
26 64
26 65
25 65
24 65
24 66
23 66
23 67
23 68
23 69
23 70
23 71
23 72
23 73
23 74
23 75
23 76
23 77
23 78
23 79
23 80
23 81
23 82
23 83
23 84
23 85
23 86
23 87
23 88
23 89
23 90
23 91
23 92
23 93
24 93
24 92
24 91
24 90
24 89
24 88
24 87
24 86
24 85
24 84
24 83
24 82
24 81
24 80
24 79
25 79
25 78
25 77
25 76
25 75
26 75
26 74
27 74
27 73
28 73
28 72
28 71
28 70
28 69
29 69
29 68
29 67
29 66
30 66
30 65
30 64
30 63
30 62
30 61
30 60
30 59
30 58
30 57
31 57
32 57
32 56
32 55
32 54
32 53
32 52
32 51
32 50
32 49
32 48
32 47
32 46
32 45
32 44
32 43
32 42
33 42
34 42
35 42
36 42
37 42
38 42
38 41
38 40
38 39
38 38
38 37
38 36
39 36
40 36
41 36
42 36
43 36
44 36
45 36
46 36
47 36
48 36
49 36
50 36
51 36
52 36
53 36
54 36
55 36
56 36
57 36
58 36
59 36
60 36
61 36
62 36
63 36
64 36
65 36
66 36
67 36
68 36
69 36
70 36
71 36
72 36
73 36
74 36
75 36
76 36
77 36
78 36
78 35
78 34
78 33
78 32
78 31
78 30
78 29
78 28
78 27
78 26
77 26
77 25
77 24
77 23
77 22
77 21
77 20
76 20
76 21
75 21
74 21
74 22
74 23
73 23
72 23
71 23
71 24
71 25
71 26
71 27
70 27
69 27
68 27
67 27
67 28
67 29
66 29
66 30
65 30
65 31
64 31
63 31
63 32
63 33
62 33
62 34
62 35
61 35
61 36
60 36
59 36
59 37
58 37
57 37
56 37
56 38
56 39
56 40
55 40
54 40
53 40
53 41
53 42
53 43
52 43
52 44
51 44
51 45
51 46
51 47
50 47
49 47
48 47
48 48
47 48
46 48
45 48
45 49
45 50
45 51
45 52
45 53
45 54
45 55
45 56
45 57
45 58
45 59
45 60
45 61
45 62
45 63
45 64
45 65
45 66
45 67
45 68
45 69
45 70
45 71
45 72
45 73
45 74
45 75
45 76
45 77
45 78
45 79
45 80
45 81
45 82
46 82
46 81
46 80
46 79
46 78
46 77
46 76
46 75
46 74
46 73
46 72
46 71
46 70
47 70
48 70
48 69
48 68
48 67
48 66
48 65
48 64
48 63
48 62
48 61
48 60
49 60
49 59
49 58
49 57
49 56
49 55
49 54
49 53
49 52
49 51
49 50
49 49
49 48
49 47
49 46
49 45
50 45
50 44
51 44
51 43
51 42
51 41
51 40
51 39
51 38
51 37
51 36
51 35
51 34
51 33
51 32
51 31
51 30
51 29
51 28
51 27
52 27
52 26
52 25
52 24
52 23
52 22
52 21
52 20
52 19
52 18
52 17
52 16
52 15
52 14
52 13
52 12
53 12
54 12
55 12
56 12
56 11
56 10
56 9
56 8
57 8
57 7
57 6
57 5
58 5
58 4
59 4
59 3
60 3
61 3
62 3
62 4
63 4
63 5
63 6
63 7
64 7
64 8
64 9
64 10
64 11
64 12
65 12
65 13
66 13
67 13
68 13
68 14
68 15
68 16
68 17
68 18
68 19
69 19
69 20
69 21
69 22
69 23
69 24
70 24
70 25
70 26
71 26
72 26
72 27
72 28
72 29
72 30
73 30
73 31
73 32
73 33
73 34
73 35
73 36
73 37
73 38
73 39
73 40
73 41
73 42
74 42
75 42
76 42
76 43
76 44
76 45
76 46
76 47
76 48
77 48
77 49
77 50
78 50
79 50
80 50
80 51
80 52
80 53
80 54
80 55
80 56
80 57
80 58
80 59
80 60
80 61
80 62
81 62
81 63
82 63
82 64
82 65
83 65
83 64
83 63
83 62
83 61
83 60
83 59
83 58
84 58
84 57
84 56
84 55
84 54
84 53
85 53
86 53
87 53
87 52
87 51
87 50
87 49
87 48
87 47
87 46
87 45
87 44
87 43
87 42
87 41
87 40
87 39
87 38
87 37
87 36
87 35
87 34
87 33
88 33
88 32
88 31
88 30
88 29
88 28
88 27
88 26
88 25
88 24
88 23
88 22
88 21
88 20
88 19
88 18
88 17
88 16
89 16
89 15
89 14
89 13
89 12
89 11
90 11
91 11
91 10
91 9
91 8
91 7
91 6
91 5
91 4
91 3
92 3
93 3
93 2
94 2
94 3
94 4
93 4
93 5
93 6
93 7
93 8
93 9
93 10
93 11
93 12
93 13
92 13
92 14
91 14
90 14
89 14
88 14
88 15
87 15
87 16
86 16
86 17
86 18
85 18
85 19
85 20
84 20
83 20
83 21
83 22
83 23
83 24
83 25
83 26
83 27
82 27
81 27
81 28
81 29
81 30
81 31
81 32
81 33
81 34
80 34
80 35
80 36
79 36
79 37
78 37
78 38
78 39
77 39
77 40
77 41
77 42
76 42
76 43
76 44
76 45
76 46
76 47
75 47
75 48
74 48
73 48
72 48
71 48
70 48
69 48
68 48
68 49
67 49
66 49
66 50
66 51
66 52
66 53
66 54
66 55
66 56
65 56
65 57
65 58
64 58
63 58
63 59
63 60
63 61
62 61
62 62
62 63
62 64
61 64
60 64
59 64
59 65
59 66
58 66
58 67
57 67
56 67
56 68
56 69
56 70
55 70
55 71
55 72
54 72
54 73
54 74
54 75
54 76
54 77
54 78
54 79
54 80
54 81
54 82
54 83
54 84
54 85
54 86
54 87
54 88
54 89
54 90
54 91
54 92
54 93
53 93
53 94
53 95
53 96
53 97
53 98
53 99
52 99
52 98
52 97
52 96
52 95
51 95
50 95
50 94
49 94
49 93
49 92
49 91
49 90
48 90
47 90
46 90
46 89
46 88
46 87
45 87
44 87
44 86
44 85
43 85
42 85
42 84
42 83
42 82
42 81
42 80
41 80
40 80
39 80
38 80
38 79
38 78
38 77
38 76
38 75
38 74
38 73
38 72
38 71
38 70
38 69
38 68
38 67
38 66
38 65
38 64
38 63
38 62
38 61
38 60
38 59
38 58
38 57
38 56
38 55
38 54
38 53
38 52
37 52
37 53
36 53
35 53
34 53
33 53
32 53
32 54
31 54
30 54
30 55
30 56
29 56
29 57
28 57
27 57
27 56
27 55
27 54
27 53
27 52
28 52
28 51
29 51
29 50
30 50
31 50
32 50
32 49
32 48
32 47
33 47
33 46
34 46
34 45
34 44
34 43
35 43
35 42
35 41
36 41
37 41
37 40
38 40
39 40
40 40
41 40
42 40
43 40
44 40
45 40
46 40
47 40
48 40
49 40
50 40
51 40
52 40
53 40
54 40
55 40
56 40
57 40
58 40
59 40
60 40
61 40
62 40
63 40
64 40
65 40
66 40
67 40
68 40
69 40
70 40
71 40
72 40
73 40
74 40
75 40
76 40
77 40
78 40
79 40
80 40
81 40
82 40
83 40
84 40
85 40
86 40
87 40
88 40
89 40
90 40
91 40
92 40
93 40
94 40
95 40
96 40
97 40
98 40
99 40
100 40
100 39
100 38
100 37
99 37
98 37
97 37
96 37
95 37
95 36
94 36
93 36
92 36
91 36
90 36
90 35
89 35
89 34
88 34
88 33
87 33
86 33
86 32
85 32
84 32
83 32
83 31
82 31
82 30
81 30
80 30
79 30
78 30
77 30
76 30
75 30
75 29
74 29
74 28
74 27
73 27
72 27
72 26
71 26
70 26
69 26
68 26
67 26
66 26
65 26
64 26
63 26
62 26
61 26
60 26
59 26
58 26
57 26
56 26
55 26
54 26
53 26
52 26
51 26
50 26
49 26
48 26
47 26
46 26
45 26
44 26
43 26
42 26
41 26
40 26
39 26
38 26
37 26
36 26
35 26
34 26
33 26
32 26
31 26
30 26
29 26
28 26
27 26
26 26
25 26
24 26
23 26
22 26
21 26
20 26
19 26
18 26
17 26
16 26
15 26
14 26
13 26
12 26
11 26
10 26
9 26
8 26
7 26
6 26
6 25
7 25
8 25
9 25
10 25
11 25
12 25
13 25
14 25
15 25
16 25
17 25
18 25
19 25
20 25
21 25
21 26
21 27
21 28
21 29
21 30
21 31
21 32
21 33
21 34
21 35
21 36
21 37
21 38
22 38
22 39
23 39
23 40
24 40
24 41
24 42
24 43
24 44
25 44
25 45
26 45
27 45
27 46
28 46
28 47
28 48
29 48
29 49
30 49
30 50
31 50
31 51
31 52
31 53
31 54
31 55
31 56
32 56
32 57
33 57
33 58
33 59
34 59
35 59
35 60
35 61
35 62
36 62
36 63
36 64
37 64
37 65
37 66
38 66
38 67
38 68
39 68
39 69
39 70
39 71
40 71
41 71
41 72
41 73
42 73
42 74
42 75
42 76
42 77
42 78
43 78
44 78
45 78
45 79
45 80
46 80
46 81
46 82
46 83
47 83
48 83
49 83
49 84
50 84
50 85
51 85
51 86
51 87
52 87
53 87
53 88
53 89
53 90
54 90
55 90
55 91
55 92
56 92
57 92
58 92
59 92
60 92
61 92
62 92
63 92
64 92
65 92
66 92
67 92
68 92
69 92
70 92
71 92
72 92
73 92
74 92
75 92
76 92
76 93
77 93
78 93
79 93
80 93
81 93
82 93
83 93
84 93
85 93
86 93
87 93
88 93
89 93
90 93
91 93
92 93
93 93
94 93
95 93
96 93
97 93
97 94
96 94
95 94
94 94
93 94
92 94
91 94
90 94
89 94
88 94
87 94
86 94
85 94
84 94
83 94
82 94
82 93
82 92
81 92
80 92
79 92
79 91
78 91
78 90
77 90
77 89
77 88
77 87
77 86
77 85
77 84
77 83
76 83
76 82
76 81
76 80
75 80
75 79
75 78
75 77
74 77
73 77
73 76
73 75
73 74
73 73
72 73
71 73
70 73
70 72
70 71
70 70
69 70
69 69
68 69
68 68
67 68
67 67
67 66
67 65
67 64
67 63
66 63
66 62
66 61
66 60
65 60
65 59
64 59
63 59
63 58
63 57
63 56
63 55
63 54
63 53
62 53
61 53
60 53
60 52
60 51
60 50
60 49
60 48
60 47
60 46
60 45
60 44
60 43
60 42
60 41
60 40
60 39
60 38
60 37
60 36
60 35
60 34
60 33
60 32
60 31
60 30
60 29
60 28
60 27
60 26
60 25
60 24
60 23
60 22
60 21
60 20
60 19
60 18
60 17
60 16
61 16
61 17
61 18
61 19
61 20
62 20
62 21
62 22
63 22
64 22
64 23
64 24
64 25
64 26
64 27
64 28
64 29
64 30
64 31
64 32
64 33
64 34
64 35
64 36
64 37
64 38
64 39
64 40
65 40
65 41
65 42
65 43
66 43
66 44
66 45
66 46
66 47
66 48
67 48
67 49
68 49
68 50
68 51
68 52
68 53
68 54
68 55
68 56
68 57
68 58
68 59
68 60
68 61
68 62
68 63
68 64
68 65
68 66
69 66
69 67
69 68
69 69
69 70
69 71
70 71
70 72
70 73
70 74
70 75
70 76
70 77
70 78
70 79
70 80
70 81
71 81
71 82
71 83
71 84
71 85
71 86
71 87
71 88
71 89
71 90
71 91
72 91
72 92
72 93
73 93
73 94
74 94
75 94
76 94
77 94
77 93
77 92
77 91
77 90
76 90
75 90
75 89
74 89
73 89
72 89
72 88
72 87
72 86
72 85
72 84
72 83
72 82
71 82
70 82
70 81
69 81
69 80
69 79
69 78
68 78
67 78
66 78
65 78
65 77
65 76
65 75
65 74
65 73
65 72
65 71
65 70
64 70
63 70
62 70
62 69
62 68
62 67
62 66
62 65
62 64
61 64
61 63
60 63
60 62
60 61
60 60
60 59
60 58
59 58
58 58
57 58
56 58
56 57
56 56
56 55
56 54
56 53
55 53
55 52
55 51
55 50
55 49
55 48
55 47
54 47
54 46
54 45
53 45
53 44
53 43
53 42
53 41
53 40
53 39
53 38
53 37
53 36
53 35
53 34
53 33
53 32
53 31
53 30
52 30
52 31
51 31
