5 56
5 55
5 54
5 53
5 52
5 51
5 50
5 49
5 48
5 47
5 46
4 46
4 45
5 45
6 45
6 44
6 43
6 42
5 42
5 41
5 40
5 39
5 38
4 38
3 38
3 37
4 37
4 36
4 35
4 34
4 33
4 32
4 31
5 31
5 30
5 29
5 28
5 27
5 26
5 25
5 24
5 23
5 22
5 21
6 21
7 21
8 21
8 20
8 19
8 18
7 18
7 17
7 16
7 15
6 15
6 14
5 14
5 13
5 12
6 12
6 11
6 10
6 9
5 9
5 8
5 7
5 6
4 6
4 5
5 5
6 5
6 6
5 6
5 5
5 4
6 4
7 4
8 4
8 3
7 3
7 2
7 1
8 1
9 1
10 1
11 1
12 1
13 1
14 1
14 2
14 3
15 3
16 3
16 4
16 5
17 5
17 6
18 6
19 6
19 5
20 5
21 5
22 5
22 6
22 7
22 8
23 8
24 8
25 8
26 8
27 8
28 8
29 8
30 8
31 8
31 9
31 10
32 10
33 10
34 10
35 10
36 10
36 11
36 12
36 13
35 13
34 13
34 14
33 14
33 13
34 13
35 13
36 13
36 12
37 12
38 12
39 12
40 12
40 13
40 14
41 14
41 15
41 16
41 17
41 18
41 19
41 20
41 21
42 21
43 21
43 22
43 23
43 24
42 24
41 24
41 25
41 26
41 27
41 28
41 29
41 30
41 31
41 32
42 32
43 32
43 33
43 34
43 35
43 36
43 37
44 37
45 37
45 36
