20 17
19 17
18 17
18 18
17 18
16 18
16 19
16 20
15 20
15 19
15 18
15 17
15 16
15 15
15 14
15 13
15 12
15 11
15 10
14 10
13 10
12 10
11 10
11 11
11 12
10 12
10 13
10 14
10 15
9 15
9 16
10 16
10 17
10 18
11 18
12 18
12 19
11 19
10 19
10 20
9 20
9 19
8 19
7 19
7 18
7 17
6 17
5 17
4 17
4 16
4 15
4 14
4 13
4 12
3 12
3 11
3 10
3 9
3 8
3 7
4 7
4 6
3 6
2 6
2 5
2 4
3 4
3 5
4 5
4 6
4 7
5 7
6 7
6 6
7 6
7 7
8 7
8 8
9 8
9 9
9 10
9 11
8 11
8 12
8 13
9 13
9 14
10 14
10 15
10 16
11 16
12 16
13 16
14 16
15 16
16 16
16 15
15 15
14 15
13 15
12 15
11 15
10 15
9 15
8 15
7 15
7 14
7 13
6 13
5 13
4 13
4 12
4 11
4 10
3 10
2 10
1 10
1 9
1 8
1 7
1 6
0 6
