30 60
30 59
30 58
30 57
30 56
30 55
30 54
30 53
30 52
30 51
30 50
30 49
30 48
30 47
30 46
30 45
31 45
32 45
33 45
34 45
35 45
36 45
37 45
38 45
39 45
40 45
41 45
42 45
43 45
44 45
45 45
46 45
47 45
48 45
49 45
50 45
51 45
52 45
53 45
54 45
55 45
56 45
57 45
58 45
59 45
60 45
61 45
62 45
63 45
64 45
65 45
66 45
66 44
66 43
66 42
66 41
66 40
66 39
66 38
66 37
66 36
66 35
66 34
66 33
66 32
66 31
66 30
66 29
66 28
66 27
66 26
66 25
66 24
66 23
66 22
66 21
66 20
66 19
66 18
66 17
66 16
66 15
66 14
66 13
65 13
64 13
63 13
62 13
61 13
60 13
59 13
58 13
57 13
56 13
55 13
54 13
53 13
52 13
51 13
50 13
49 13
48 13
47 13
46 13
45 13
44 13
43 13
42 13
41 13
40 13
39 13
38 13
37 13
36 13
35 13
35 12
35 11
35 10
35 9
35 8
34 8
34 9
34 10
34 11
34 12
34 13
34 14
34 15
34 16
34 17
34 18
34 19
34 20
34 21
34 22
34 23
34 24
34 25
34 26
34 27
34 28
34 29
34 30
34 31
34 32
34 33
34 34
34 35
34 36
34 37
34 38
34 39
34 40
34 41
34 42
34 43
34 44
34 45
34 46
34 47
34 48
34 49
34 50
34 51
34 52
34 53
34 54
34 55
34 56
34 57
34 58
34 59
34 60
34 61
34 62
34 63
34 64
34 65
34 66
34 67
34 68
35 68
36 68
37 68
38 68
39 68
40 68
41 68
42 68
43 68
44 68
45 68
46 68
47 68
48 68
49 68
50 68
51 68
52 68
53 68
54 68
55 68
56 68
57 68
58 68
59 68
60 68
61 68
62 68
63 68
64 68
65 68
66 68
67 68
68 68
69 68
70 68
71 68
72 68
73 68
74 68
75 68
76 68
77 68
78 68
79 68
79 67
78 67
77 67
76 67
75 67
74 67
73 67
72 67
71 67
70 67
69 67
68 67
67 67
66 67
65 67
64 67
63 67
62 67
61 67
60 67
59 67
58 67
57 67
56 67
55 67
54 67
53 67
52 67
51 67
50 67
49 67
48 67
47 67
46 67
45 67
44 67
43 67
42 67
41 67
40 67
39 67
38 67
37 67
36 67
35 67
34 67
33 67
32 67
31 67
30 67
29 67
28 67
27 67
26 67
25 67
24 67
23 67
22 67
21 67
20 67
19 67
18 67
17 67
16 67
15 67
14 67
13 67
12 67
11 67
10 67
9 67
8 67
8 66
8 65
8 64
8 63
8 62
8 61
8 60
8 59
8 58
8 57
8 56
8 55
8 54
8 53
8 52
8 51
8 50
8 49
8 48
8 47
8 46
8 45
8 44
8 43
8 42
8 41
8 40
8 39
8 38
8 37
8 36
8 35
8 34
8 33
8 32
8 31
8 30
8 29
8 28
8 27
8 26
8 25
7 25
7 26
7 27
7 28
7 29
7 30
7 31
7 32
7 33
7 34
6 34
5 34
5 35
5 36
5 37
5 38
5 39
5 40
5 41
5 42
5 43
5 44
5 45
5 46
5 47
5 48
5 49
5 50
5 51
5 52
5 53
5 54
6 54
7 54
8 54
9 54
10 54
11 54
12 54
13 54
14 54
15 54
16 54
17 54
18 54
19 54
20 54
21 54
22 54
23 54
24 54
25 54
26 54
27 54
28 54
29 54
30 54
31 54
32 54
32 53
31 53
30 53
29 53
28 53
27 53
26 53
25 53
24 53
23 53
22 53
21 53
20 53
19 53
18 53
17 53
16 53
15 53
14 53
13 53
12 53
11 53
11 52
11 51
11 50
11 49
11 48
11 47
11 46
11 45
11 44
11 43
11 42
11 41
11 40
11 39
11 38
11 37
11 36
11 35
11 34
11 33
11 32
11 31
10 31
10 32
10 33
10 34
10 35
10 36
10 37
10 38
10 39
10 40
10 41
10 42
11 42
12 42
13 42
14 42
15 42
16 42
17 42
18 42
19 42
20 42
21 42
22 42
23 42
24 42
25 42
26 42
27 42
28 42
29 42
30 42
31 42
32 42
33 42
34 42
35 42
36 42
37 42
38 42
39 42
40 42
41 42
42 42
43 42
44 42
45 42
46 42
47 42
48 42
49 42
50 42
51 42
52 42
53 42
54 42
55 42
56 42
57 42
58 42
59 42
60 42
61 42
62 42
63 42
64 42
65 42
66 42
67 42
68 42
69 42
70 42
71 42
72 42
73 42
74 42
74 43
74 44
74 45
74 46
74 47
74 48
74 49
74 50
74 51
73 51
72 51
71 51
70 51
69 51
68 51
67 51
66 51
65 51
64 51
63 51
62 51
61 51
60 51
59 51
58 51
58 50
58 49
58 48
58 47
58 46
58 45
58 44
58 43
57 43
56 43
55 43
54 43
53 43
52 43
51 43
50 43
49 43
48 43
47 43
46 43
45 43
44 43
43 43
42 43
41 43
40 43
39 43
38 43
37 43
36 43
35 43
34 43
33 43
32 43
31 43
30 43
29 43
28 43
27 43
26 43
25 43
24 43
23 43
22 43
21 43
20 43
19 43
18 43
17 43
16 43
15 43
14 43
13 43
12 43
11 43
10 43
9 43
8 43
7 43
6 43
6 44
6 45
6 46
6 47
7 47
8 47
9 47
10 47
11 47
12 47
13 47
14 47
15 47
16 47
17 47
18 47
19 47
20 47
21 47
22 47
23 47
24 47
25 47
26 47
27 47
28 47
29 47
30 47
31 47
32 47
33 47
34 47
35 47
36 47
37 47
37 46
37 45
37 44
37 43
37 42
37 41
37 40
36 40
36 41
36 42
36 43
36 44
36 45
36 46
36 47
37 47
38 47
39 47
40 47
41 47
42 47
43 47
44 47
45 47
46 47
47 47
48 47
49 47
50 47
51 47
52 47
53 47
54 47
55 47
56 47
57 47
58 47
59 47
60 47
61 47
62 47
63 47
64 47
65 47
66 47
67 47
67 46
66 46
65 46
64 46
63 46
62 46
61 46
60 46
59 46
58 46
57 46
56 46
55 46
54 46
53 46
52 46
51 46
50 46
49 46
48 46
47 46
46 46
45 46
44 46
43 46
42 46
41 46
40 46
39 46
38 46
37 46
36 46
35 46
34 46
33 46
32 46
31 46
30 46
29 46
28 46
27 46
26 46
25 46
24 46
23 46
22 46
21 46
21 45
20 45
19 45
18 45
17 45
16 45
15 45
14 45
13 45
12 45
11 45
10 45
9 45
8 45
7 45
6 45
6 46
6 47
6 48
6 49
6 50
6 51
6 52
6 53
6 54
6 55
6 56
6 57
6 58
6 59
6 60
6 61
6 62
6 63
6 64
6 65
6 66
6 67
6 68
6 69
6 70
6 71
6 72
6 73
6 74
6 75
6 76
6 77
6 78
6 79
6 80
6 81
6 82
6 83
6 84
6 85
6 86
6 87
6 88
6 89
7 89
8 89
9 89
10 89
11 89
12 89
13 89
14 89
15 89
16 89
17 89
18 89
19 89
20 89
21 89
22 89
23 89
24 89
25 89
26 89
27 89
28 89
29 89
30 89
31 89
32 89
33 89
34 89
35 89
36 89
37 89
37 88
37 87
37 86
37 85
37 84
37 83
37 82
37 81
37 80
37 79
37 78
37 77
37 76
37 75
37 74
37 73
37 72
37 71
37 70
37 69
37 68
37 67
37 66
37 65
37 64
37 63
37 62
37 61
37 60
37 59
37 58
37 57
37 56
37 55
37 54
37 53
37 52
37 51
37 50
37 49
37 48
37 47
37 46
37 45
37 44
37 43
37 42
37 41
37 40
37 39
37 38
37 37
37 36
37 35
37 34
37 33
37 32
37 31
37 30
37 29
37 28
37 27
37 26
37 25
37 24
37 23
37 22
37 21
37 20
37 19
37 18
37 17
37 16
37 15
37 14
37 13
37 12
37 11
37 10
37 9
37 8
37 7
36 7
35 7
34 7
33 7
32 7
31 7
30 7
29 7
28 7
27 7
26 7
25 7
24 7
23 7
22 7
21 7
20 7
19 7
18 7
17 7
16 7
15 7
14 7
13 7
12 7
12 8
12 9
12 10
12 11
12 12
12 13
12 14
13 14
14 14
15 14
16 14
17 14
18 14
19 14
20 14
21 14
22 14
23 14
24 14
25 14
26 14
27 14
28 14
29 14
30 14
31 14
32 14
33 14
34 14
35 14
36 14
37 14
38 14
39 14
40 14
41 14
42 14
43 14
43 13
42 13
41 13
40 13
39 13
38 13
37 13
36 13
35 13
34 13
33 13
32 13
31 13
30 13
30 14
30 15
30 16
30 17
30 18
30 19
30 20
30 21
30 22
30 23
30 24
30 25
30 26
30 27
30 28
30 29
30 30
30 31
30 32
30 33
30 34
30 35
30 36
30 37
30 38
30 39
30 40
30 41
30 42
30 43
30 44
30 45
30 46
30 47
30 48
30 49
30 50
30 51
30 52
30 53
30 54
30 55
30 56
30 57
30 58
30 59
30 60
30 61
30 62
30 63
30 64
30 65
30 66
30 67
30 68
30 69
30 70
30 71
30 72
30 73
30 74
30 75
30 76
30 77
30 78
30 79
30 80
30 81
30 82
30 83
30 84
30 85
30 86
30 87
30 88
31 88
32 88
33 88
34 88
35 88
36 88
37 88
38 88
39 88
40 88
41 88
42 88
43 88
44 88
45 88
46 88
47 88
48 88
49 88
50 88
51 88
52 88
53 88
54 88
55 88
56 88
57 88
58 88
59 88
60 88
60 87
60 86
60 85
60 84
60 83
60 82
60 81
60 80
60 79
60 78
60 77
60 76
60 75
60 74
60 73
60 72
60 71
60 70
60 69
60 68
60 67
60 66
60 65
60 64
59 64
58 64
57 64
56 64
55 64
54 64
53 64
52 64
51 64
50 64
49 64
48 64
47 64
46 64
45 64
44 64
43 64
43 63
43 62
43 61
43 60
43 59
43 58
43 57
43 56
43 55
43 54
43 53
43 52
43 51
43 50
43 49
43 48
43 47
43 46
43 45
43 44
43 43
43 42
43 41
43 40
43 39
43 38
43 37
43 36
43 35
43 34
43 33
43 32
43 31
43 30
43 29
42 29
42 28
41 28
41 27
41 26
41 25
41 24
41 23
41 22
41 21
41 20
41 19
41 18
41 17
41 16
41 15
41 14
41 13
42 13
43 13
43 12
42 12
41 12
40 12
39 12
38 12
37 12
36 12
35 12
34 12
33 12
32 12
31 12
30 12
29 12
28 12
27 12
26 12
25 12
24 12
23 12
22 12
21 12
20 12
19 12
18 12
18 13
18 14
18 15
18 16
18 17
18 18
18 19
18 20
18 21
18 22
18 23
18 24
18 25
18 26
18 27
18 28
18 29
18 30
18 31
18 32
18 33
18 34
18 35
18 36
18 37
18 38
18 39
18 40
18 41
18 42
18 43
18 44
18 45
18 46
18 47
18 48
17 48
17 49
17 50
17 51
17 52
17 53
17 54
17 55
17 56
17 57
17 58
17 59
17 60
17 61
17 62
17 63
17 64
17 65
17 66
17 67
17 68
17 69
17 70
17 71
17 72
17 73
17 74
17 75
17 76
17 77
16 77
15 77
14 77
13 77
12 77
11 77
10 77
9 77
8 77
7 77
7 76
7 75
7 74
7 73
8 73
9 73
10 73
11 73
12 73
13 73
14 73
15 73
16 73
17 73
18 73
19 73
20 73
21 73
22 73
23 73
24 73
25 73
26 73
27 73
28 73
29 73
30 73
31 73
32 73
33 73
34 73
35 73
36 73
37 73
38 73
39 73
40 73
41 73
42 73
43 73
44 73
45 73
46 73
47 73
48 73
49 73
50 73
51 73
51 72
50 72
49 72
48 72
47 72
46 72
45 72
44 72
43 72
42 72
41 72
40 72
39 72
38 72
37 72
36 72
35 72
34 72
33 72
32 72
31 72
30 72
29 72
28 72
27 72
26 72
26 73
26 74
26 75
26 76
26 77
25 77
24 77
23 77
22 77
21 77
20 77
19 77
18 77
17 77
16 77
15 77
14 77
13 77
12 77
11 77
10 77
9 77
8 77
7 77
6 77
5 77
4 77
3 77
3 76
3 75
3 74
3 73
3 72
3 71
3 70
3 69
3 68
3 67
3 66
3 65
3 64
3 63
3 62
3 61
3 60
3 59
3 58
3 57
3 56
3 55
3 54
3 53
4 53
5 53
6 53
7 53
8 53
9 53
10 53
11 53
12 53
13 53
14 53
15 53
16 53
17 53
18 53
19 53
20 53
21 53
22 53
23 53
24 53
25 53
26 53
27 53
28 53
29 53
30 53
31 53
32 53
33 53
34 53
35 53
36 53
37 53
38 53
39 53
40 53
41 53
42 53
43 53
44 53
45 53
46 53
47 53
48 53
49 53
50 53
51 53
52 53
53 53
54 53
55 53
56 53
57 53
58 53
59 53
60 53
61 53
62 53
63 53
64 53
65 53
66 53
66 52
65 52
64 52
63 52
62 52
61 52
60 52
59 52
58 52
57 52
56 52
55 52
54 52
53 52
52 52
51 52
50 52
49 52
48 52
47 52
46 52
45 52
44 52
43 52
42 52
41 52
40 52
39 52
38 52
37 52
36 52
35 52
34 52
33 52
32 52
31 52
30 52
29 52
28 52
27 52
26 52
25 52
24 52
23 52
22 52
21 52
20 52
19 52
18 52
17 52
16 52
15 52
15 53
15 54
15 55
15 56
15 57
15 58
15 59
15 60
15 61
15 62
15 63
15 64
15 65
15 66
15 67
15 68
15 69
15 70
15 71
15 72
15 73
15 74
15 75
15 76
15 77
15 78
15 79
15 80
15 81
15 82
15 83
15 84
15 85
15 86
16 86
17 86
18 86
19 86
20 86
21 86
22 86
23 86
23 85
23 84
23 83
23 82
23 81
23 80
23 79
23 78
23 77
23 76
23 75
23 74
23 73
23 72
23 71
23 70
23 69
23 68
23 67
23 66
23 65
23 64
23 63
23 62
23 61
23 60
23 59
23 58
23 57
23 56
23 55
23 54
23 53
23 52
23 51
23 50
23 49
23 48
23 47
23 46
23 45
23 44
23 43
23 42
23 41
23 40
23 39
23 38
23 37
23 36
23 35
23 34
24 34
25 34
26 34
27 34
28 34
29 34
30 34
31 34
32 34
33 34
34 34
35 34
36 34
37 34
38 34
39 34
40 34
41 34
42 34
43 34
44 34
45 34
46 34
47 34
48 34
49 34
50 34
51 34
52 34
53 34
54 34
55 34
56 34
56 35
56 36
56 37
56 38
56 39
56 40
56 41
56 42
56 43
56 44
56 45
56 46
56 47
56 48
56 49
56 50
56 51
56 52
56 53
56 54
56 55
56 56
56 57
56 58
56 59
56 60
55 60
54 60
53 60
52 60
51 60
50 60
49 60
48 60
47 60
46 60
45 60
44 60
43 60
42 60
42 59
42 58
42 57
42 56
42 55
42 54
42 53
42 52
42 51
42 50
42 49
42 48
42 47
42 46
42 45
42 44
42 43
42 42
42 41
42 40
42 39
42 38
42 37
42 36
42 35
42 34
42 33
42 32
42 31
42 30
42 29
42 28
41 28
41 29
41 30
41 31
41 32
41 33
41 34
41 35
41 36
41 37
41 38
41 39
41 40
41 41
41 42
41 43
41 44
41 45
41 46
41 47
41 48
41 49
41 50
41 51
41 52
41 53
41 54
41 55
41 56
41 57
41 58
41 59
41 60
41 61
41 62
41 63
42 63
43 63
44 63
45 63
46 63
47 63
48 63
48 62
47 62
46 62
45 62
44 62
43 62
42 62
42 61
43 61
43 60
42 60
42 59
43 59
43 58
42 58
42 57
43 57
43 56
42 56
42 55
43 55
43 54
42 54
41 54
40 54
39 54
38 54
37 54
36 54
35 54
34 54
33 54
33 55
33 56
33 57
33 58
33 59
33 60
33 61
33 62
33 63
33 64
33 65
33 66
33 67
33 68
33 69
33 70
33 71
33 72
33 73
33 74
33 75
33 76
33 77
33 78
33 79
33 80
34 80
35 80
36 80
37 80
38 80
39 80
39 79
39 78
39 77
39 76
39 75
39 74
39 73
39 72
39 71
39 70
39 69
39 68
39 67
39 66
39 65
39 64
39 63
39 62
39 61
39 60
39 59
39 58
39 57
39 56
39 55
39 54
39 53
39 52
39 51
39 50
39 49
39 48
39 47
39 46
39 45
39 44
39 43
39 42
39 41
39 40
39 39
39 38
39 37
39 36
38 36
38 37
38 38
38 39
38 40
38 41
38 42
38 43
38 44
38 45
38 46
38 47
38 48
38 49
38 50
38 51
38 52
38 53
38 54
38 55
38 56
38 57
38 58
38 59
38 60
38 61
38 62
38 63
38 64
38 65
38 66
38 67
38 68
38 69
38 70
38 71
38 72
38 73
38 74
38 75
38 76
38 77
38 78
38 79
38 80
38 81
38 82
38 83
38 84
38 85
38 86
38 87
38 88
38 89
38 90
39 90
40 90
41 90
42 90
43 90
44 90
45 90
46 90
47 90
48 90
49 90
50 90
51 90
52 90
53 90
54 90
55 90
56 90
57 90
58 90
59 90
60 90
61 90
62 90
63 90
64 90
65 90
66 90
67 90
68 90
69 90
70 90
71 90
72 90
73 90
74 90
75 90
76 90
77 90
78 90
79 90
80 90
81 90
82 90
83 90
84 90
85 90
85 89
84 89
83 89
82 89
81 89
80 89
79 89
78 89
77 89
76 89
75 89
74 89
73 89
72 89
71 89
70 89
69 89
68 89
67 89
66 89
65 89
64 89
63 89
62 89
61 89
60 89
60 88
60 87
60 86
60 85
60 84
60 83
60 82
60 81
60 80
60 79
60 78
60 77
60 76
60 75
60 74
60 73
60 72
60 71
60 70
60 69
60 68
60 67
60 66
60 65
60 64
60 63
60 62
60 61
60 60
60 59
60 58
60 57
60 56
60 55
60 54
60 53
60 52
60 51
60 50
60 49
60 48
60 47
60 46
60 45
60 44
60 43
60 42
60 41
60 40
60 39
60 38
60 37
60 36
60 35
60 34
60 33
60 32
60 31
60 30
60 29
60 28
60 27
60 26
60 25
59 25
58 25
57 25
56 25
55 25
54 25
53 25
52 25
51 25
50 25
49 25
48 25
47 25
46 25
45 25
44 25
43 25
43 26
43 27
42 27
42 28
42 29
42 30
42 31
42 32
42 33
42 34
42 35
42 36
42 37
42 38
42 39
42 40
42 41
42 42
42 43
42 44
42 45
42 46
42 47
42 48
42 49
42 50
42 51
42 52
42 53
42 54
42 55
42 56
42 57
42 58
43 58
43 57
44 57
44 56
43 56
43 55
44 55
44 54
43 54
43 53
44 53
44 52
43 52
43 51
44 51
44 50
43 50
43 49
44 49
44 48
43 48
43 47
44 47
44 46
43 46
43 45
44 45
44 44
43 44
42 44
41 44
40 44
39 44
38 44
37 44
36 44
35 44
34 44
33 44
32 44
31 44
30 44
29 44
28 44
27 44
26 44
25 44
24 44
23 44
22 44
21 44
20 44
19 44
18 44
17 44
16 44
16 45
16 46
16 47
16 48
16 49
16 50
16 51
16 52
16 53
16 54
16 55
16 56
16 57
16 58
16 59
16 60
16 61
16 62
16 63
16 64
16 65
16 66
16 67
16 68
16 69
16 70
16 71
16 72
16 73
16 74
16 75
16 76
16 77
16 78
16 79
16 80
16 81
16 82
16 83
16 84
16 85
16 86
16 87
16 88
17 88
18 88
19 88
20 88
21 88
22 88
23 88
24 88
25 88
26 88
27 88
28 88
29 88
30 88
31 88
32 88
33 88
34 88
35 88
36 88
37 88
38 88
39 88
40 88
41 88
41 87
41 86
41 85
41 84
41 83
41 82
41 81
41 80
41 79
41 78
41 77
41 76
41 75
41 74
41 73
41 72
41 71
41 70
41 69
41 68
41 67
41 66
41 65
41 64
41 63
41 62
41 61
41 60
41 59
41 58
41 57
41 56
41 55
41 54
41 53
41 52
41 51
41 50
41 49
41 48
41 47
41 46
41 45
41 44
40 44
40 45
40 46
40 47
40 48
40 49
40 50
40 51
40 52
40 53
40 54
40 55
40 56
40 57
40 58
40 59
40 60
40 61
40 62
40 63
40 64
40 65
40 66
40 67
40 68
40 69
40 70
40 71
40 72
40 73
40 74
40 75
40 76
40 77
40 78
40 79
40 80
40 81
40 82
40 83
40 84
40 85
40 86
40 87
40 88
40 89
40 90
41 90
42 90
43 90
44 90
45 90
46 90
47 90
48 90
49 90
50 90
51 90
52 90
53 90
54 90
55 90
56 90
57 90
58 90
59 90
60 90
61 90
62 90
63 90
64 90
65 90
66 90
67 90
68 90
69 90
70 90
71 90
72 90
73 90
74 90
75 90
76 90
77 90
78 90
79 90
80 90
81 90
81 89
80 89
79 89
78 89
77 89
76 89
75 89
74 89
73 89
72 89
71 89
70 89
69 89
68 89
67 89
66 89
65 89
64 89
63 89
62 89
61 89
60 89
59 89
58 89
57 89
56 89
55 89
54 89
53 89
52 89
51 89
50 89
49 89
48 89
47 89
46 89
45 89
45 88
45 87
45 86
45 85
45 84
45 83
45 82
45 81
45 80
45 79
45 78
45 77
45 76
45 75
45 74
45 73
45 72
45 71
45 70
45 69
45 68
45 67
45 66
45 65
45 64
45 63
45 62
45 61
45 60
45 59
45 58
45 57
45 56
45 55
45 54
45 53
45 52
45 51
45 50
45 49
45 48
45 47
45 46
45 45
45 44
45 43
45 42
45 41
45 40
45 39
45 38
45 37
45 36
45 35
45 34
45 33
45 32
45 31
45 30
45 29
45 28
45 27
45 26
45 25
45 24
44 24
43 24
42 24
41 24
40 24
39 24
38 24
37 24
36 24
35 24
34 24
33 24
32 24
31 24
30 24
29 24
28 24
27 24
26 24
25 24
24 24
23 24
23 23
23 22
23 21
23 20
23 19
23 18
23 17
22 17
21 17
20 17
19 17
18 17
17 17
17 18
17 19
17 20
17 21
17 22
17 23
17 24
17 25
17 26
17 27
17 28
17 29
17 30
17 31
17 32
17 33
17 34
17 35
17 36
17 37
17 38
17 39
17 40
17 41
17 42
17 43
17 44
17 45
17 46
17 47
17 48
17 49
17 50
17 51
17 52
17 53
17 54
17 55
17 56
17 57
17 58
17 59
17 60
17 61
17 62
17 63
17 64
17 65
17 66
17 67
17 68
17 69
17 70
17 71
17 72
17 73
17 74
17 75
17 76
18 76
19 76
20 76
21 76
22 76
23 76
24 76
25 76
26 76
27 76
28 76
29 76
30 76
31 76
32 76
33 76
34 76
35 76
36 76
37 76
38 76
39 76
40 76
41 76
42 76
43 76
44 76
45 76
46 76
47 76
48 76
49 76
50 76
51 76
52 76
53 76
54 76
55 76
56 76
57 76
58 76
59 76
60 76
61 76
62 76
63 76
64 76
65 76
66 76
67 76
68 76
69 76
70 76
71 76
72 76
73 76
74 76
74 75
73 75
72 75
71 75
70 75
69 75
68 75
67 75
66 75
65 75
64 75
63 75
62 75
61 75
60 75
59 75
58 75
57 75
56 75
55 75
54 75
53 75
52 75
51 75
50 75
49 75
48 75
47 75
46 75
45 75
44 75
43 75
42 75
41 75
40 75
39 75
38 75
37 75
36 75
35 75
34 75
33 75
32 75
31 75
30 75
29 75
28 75
27 75
26 75
25 75
24 75
23 75
22 75
21 75
21 74
21 73
21 72
21 71
21 70
21 69
21 68
21 67
21 66
21 65
21 64
21 63
21 62
21 61
21 60
21 59
21 58
20 58
20 57
19 57
19 56
19 55
19 54
19 53
19 52
19 51
19 50
19 49
19 48
19 47
19 46
19 45
19 44
19 43
19 42
19 41
19 40
19 39
19 38
19 37
19 36
19 35
19 34
19 33
19 32
19 31
19 30
19 29
19 28
19 27
19 26
19 25
19 24
19 23
19 22
19 21
20 21
21 21
22 21
23 21
24 21
25 21
26 21
27 21
28 21
29 21
30 21
31 21
32 21
33 21
34 21
35 21
36 21
37 21
38 21
38 22
38 23
38 24
38 25
38 26
38 27
38 28
38 29
38 30
38 31
38 32
38 33
38 34
38 35
38 36
38 37
38 38
38 39
38 40
38 41
38 42
38 43
38 44
38 45
38 46
38 47
38 48
38 49
38 50
38 51
38 52
38 53
38 54
38 55
38 56
38 57
38 58
38 59
38 60
38 61
38 62
38 63
38 64
38 65
38 66
37 66
36 66
35 66
34 66
33 66
32 66
31 66
30 66
29 66
28 66
27 66
26 66
25 66
24 66
23 66
22 66
21 66
20 66
19 66
18 66
17 66
16 66
15 66
14 66
14 65
14 64
14 63
14 62
14 61
14 60
14 59
14 58
14 57
14 56
14 55
14 54
14 53
14 52
14 51
14 50
14 49
14 48
14 47
13 47
13 46
12 46
12 45
12 44
12 43
12 42
12 41
12 40
12 39
12 38
12 37
12 36
12 35
12 34
12 33
12 32
13 32
14 32
15 32
16 32
17 32
18 32
19 32
20 32
21 32
22 32
23 32
24 32
25 32
26 32
27 32
28 32
29 32
30 32
31 32
32 32
33 32
34 32
35 32
36 32
37 32
38 32
39 32
40 32
41 32
42 32
43 32
44 32
45 32
46 32
46 31
45 31
44 31
43 31
42 31
41 31
40 31
39 31
38 31
37 31
36 31
35 31
34 31
33 31
32 31
31 31
30 31
29 31
28 31
27 31
26 31
25 31
24 31
23 31
22 31
21 31
20 31
20 32
21 32
22 32
23 32
24 32
25 32
26 32
27 32
28 32
29 32
30 32
31 32
32 32
33 32
34 32
35 32
36 32
37 32
38 32
39 32
40 32
41 32
42 32
43 32
44 32
45 32
46 32
46 31
45 31
44 31
43 31
42 31
41 31
40 31
39 31
38 31
37 31
36 31
35 31
34 31
33 31
32 31
31 31
30 31
29 31
28 31
27 31
26 31
25 31
24 31
23 31
22 31
21 31
20 31
20 32
21 32
22 32
23 32
24 32
25 32
26 32
27 32
28 32
29 32
30 32
31 32
32 32
33 32
34 32
35 32
36 32
37 32
38 32
39 32
40 32
41 32
42 32
43 32
44 32
45 32
46 32
46 31
45 31
44 31
43 31
42 31
41 31
40 31
39 31
38 31
37 31
36 31
35 31
34 31
33 31
32 31
31 31
30 31
29 31
28 31
27 31
26 31
25 31
24 31
23 31
22 31
21 31
20 31
20 32
21 32
22 32
23 32
24 32
25 32
26 32
27 32
28 32
29 32
30 32
31 32
32 32
33 32
34 32
35 32
36 32
37 32
38 32
39 32
40 32
41 32
42 32
43 32
44 32
45 32
46 32
46 31
45 31
44 31
43 31
42 31
41 31
40 31
39 31
38 31
37 31
36 31
35 31
34 31
33 31
32 31
31 31
30 31
29 31
28 31
27 31
26 31
25 31
24 31
23 31
22 31
21 31
20 31
20 32
21 32
22 32
23 32
24 32
25 32
26 32
27 32
28 32
29 32
30 32
31 32
32 32
33 32
34 32
35 32
36 32
37 32
38 32
39 32
40 32
41 32
42 32
43 32
44 32
45 32
46 32
46 31
45 31
44 31
43 31
42 31
41 31
40 31
39 31
38 31
37 31
36 31
35 31
34 31
33 31
32 31
31 31
30 31
29 31
28 31
27 31
26 31
25 31
24 31
23 31
22 31
21 31
20 31
20 32
21 32
22 32
23 32
24 32
25 32
26 32
27 32
28 32
29 32
30 32
31 32
32 32
33 32
34 32
35 32
36 32
37 32
38 32
39 32
40 32
41 32
42 32
43 32
44 32
45 32
46 32
46 31
45 31
44 31
43 31
42 31
41 31
40 31
39 31
38 31
37 31
36 31
35 31
34 31
33 31
32 31
31 31
30 31
29 31
28 31
27 31
26 31
25 31
24 31
23 31
22 31
21 31
20 31
20 32
21 32
22 32
23 32
24 32
25 32
26 32
27 32
28 32
29 32
30 32
31 32
32 32
33 32
34 32
35 32
36 32
37 32
38 32
39 32
40 32
41 32
42 32
43 32
44 32
45 32
46 32
46 31
45 31
44 31
43 31
42 31
41 31
40 31
39 31
38 31
37 31
36 31
35 31
34 31
33 31
32 31
31 31
30 31
29 31
28 31
27 31
26 31
25 31
24 31
23 31
22 31
21 31
20 31
20 32
21 32
22 32
23 32
24 32
25 32
26 32
27 32
28 32
29 32
30 32
31 32
32 32
33 32
34 32
35 32
36 32
37 32
38 32
39 32
40 32
41 32
42 32
43 32
44 32
45 32
46 32
46 31
45 31
44 31
43 31
42 31
41 31
40 31
39 31
38 31
37 31
36 31
35 31
34 31
33 31
32 31
31 31
30 31
29 31
28 31
27 31
26 31
25 31
24 31
23 31
22 31
21 31
20 31
20 32
21 32
22 32
23 32
24 32
25 32
26 32
27 32
28 32
29 32
30 32
31 32
32 32
33 32
34 32
35 32
36 32
37 32
38 32
39 32
40 32
41 32
42 32
43 32
44 32
45 32
46 32
46 31
45 31
44 31
43 31
42 31
41 31
40 31
39 31
38 31
37 31
36 31
35 31
34 31
33 31
32 31
31 31
30 31
29 31
28 31
27 31
26 31
25 31
24 31
23 31
22 31
21 31
20 31
20 32
21 32
22 32
23 32
24 32
25 32
26 32
27 32
28 32
29 32
30 32
31 32
32 32
33 32
34 32
35 32
36 32
37 32
38 32
39 32
40 32
41 32
42 32
43 32
44 32
45 32
46 32
46 31
45 31
44 31
43 31
42 31
41 31
40 31
39 31
38 31
37 31
36 31
35 31
34 31
33 31
32 31
31 31
30 31
29 31
28 31
27 31
26 31
25 31
24 31
23 31
22 31
21 31
20 31
20 32
21 32
22 32
23 32
24 32
25 32
26 32
27 32
28 32
29 32
30 32
31 32
32 32
33 32
34 32
35 32
36 32
37 32
38 32
39 32
40 32
41 32
42 32
43 32
44 32
45 32
46 32
46 31
45 31
44 31
43 31
42 31
41 31
40 31
39 31
38 31
37 31
36 31
35 31
34 31
33 31
32 31
31 31
30 31
29 31
28 31
27 31
26 31
25 31
24 31
23 31
22 31
21 31
20 31
20 32
21 32
22 32
23 32
24 32
25 32
26 32
27 32
28 32
29 32
30 32
31 32
32 32
33 32
34 32
35 32
36 32
37 32
38 32
39 32
40 32
41 32
42 32
43 32
44 32
45 32
46 32
46 31
45 31
44 31
43 31
42 31
41 31
40 31
39 31
38 31
37 31
36 31
35 31
34 31
33 31
32 31
31 31
30 31
29 31
28 31
27 31
26 31
25 31
24 31
23 31
22 31
21 31
20 31
20 32
21 32
22 32
23 32
24 32
25 32
26 32
27 32
28 32
29 32
30 32
31 32
32 32
33 32
34 32
35 32
36 32
37 32
38 32
39 32
40 32
41 32
42 32
43 32
44 32
45 32
46 32
46 31
45 31
44 31
43 31
42 31
41 31
40 31
39 31
38 31
37 31
36 31
35 31
34 31
33 31
32 31
31 31
30 31
29 31
28 31
27 31
26 31
25 31
24 31
23 31
22 31
21 31
20 31
20 32
21 32
22 32
23 32
24 32
25 32
26 32
27 32
28 32
29 32
30 32
31 32
32 32
33 32
34 32
35 32
36 32
37 32
38 32
39 32
40 32
41 32
42 32
43 32
44 32
45 32
46 32
46 31
45 31
44 31
43 31
42 31
41 31
40 31
39 31
38 31
37 31
36 31
35 31
34 31
33 31
32 31
31 31
30 31
29 31
28 31
27 31
26 31
25 31
24 31
23 31
22 31
21 31
20 31
20 32
21 32
22 32
23 32
24 32
25 32
26 32
27 32
28 32
29 32
30 32
31 32
32 32
33 32
34 32
35 32
36 32
37 32
38 32
39 32
40 32
41 32
42 32
43 32
44 32
45 32
46 32
46 31
45 31
44 31
43 31
42 31
41 31
40 31
39 31
38 31
37 31
36 31
35 31
34 31
33 31
32 31
31 31
30 31
29 31
28 31
27 31
26 31
25 31
24 31
23 31
22 31
21 31
20 31
20 32
21 32
22 32
23 32
24 32
25 32
26 32
27 32
28 32
29 32
30 32
31 32
32 32
33 32
34 32
35 32
36 32
37 32
38 32
39 32
40 32
41 32
42 32
43 32
44 32
45 32
46 32
46 31
45 31
44 31
43 31
42 31
41 31
40 31
39 31
38 31
37 31
36 31
35 31
34 31
33 31
32 31
31 31
30 31
29 31
28 31
27 31
26 31
25 31
24 31
23 31
22 31
21 31
20 31
20 32
21 32
22 32
23 32
24 32
25 32
26 32
27 32
28 32
29 32
30 32
31 32
32 32
33 32
34 32
35 32
36 32
37 32
38 32
39 32
40 32
41 32
42 32
43 32
44 32
45 32
46 32
46 31
45 31
44 31
43 31
42 31
41 31
40 31
39 31
38 31
37 31
36 31
35 31
34 31
33 31
32 31
31 31
30 31
29 31
28 31
27 31
26 31
25 31
24 31
23 31
22 31
21 31
20 31
20 32
21 32
22 32
23 32
24 32
25 32
26 32
27 32
28 32
29 32
30 32
31 32
32 32
33 32
34 32
35 32
36 32
37 32
38 32
39 32
40 32
41 32
42 32
43 32
44 32
45 32
46 32
46 31
45 31
44 31
43 31
42 31
41 31
40 31
39 31
38 31
37 31
36 31
35 31
34 31
33 31
32 31
31 31
30 31
29 31
28 31
27 31
26 31
25 31
24 31
23 31
22 31
21 31
20 31
20 32
21 32
22 32
23 32
24 32
25 32
26 32
27 32
28 32
29 32
30 32
31 32
32 32
33 32
34 32
35 32
36 32
37 32
38 32
39 32
40 32
41 32
42 32
43 32
44 32
45 32
46 32
46 31
45 31
44 31
43 31
42 31
41 31
40 31
39 31
38 31
37 31
36 31
35 31
34 31
33 31
32 31
31 31
30 31
29 31
28 31
27 31
26 31
25 31
24 31
23 31
22 31
21 31
20 31
20 32
21 32
22 32
23 32
24 32
25 32
26 32
27 32
28 32
29 32
30 32
31 32
32 32
33 32
34 32
35 32
36 32
37 32
38 32
39 32
40 32
41 32
42 32
43 32
44 32
45 32
46 32
46 31
45 31
44 31
43 31
42 31
41 31
40 31
39 31
38 31
37 31
36 31
35 31
34 31
33 31
32 31
31 31
30 31
29 31
28 31
27 31
26 31
25 31
24 31
23 31
22 31
21 31
20 31
20 32
21 32
22 32
23 32
24 32
25 32
26 32
27 32
28 32
29 32
30 32
31 32
32 32
33 32
34 32
35 32
36 32
37 32
38 32
39 32
40 32
41 32
42 32
43 32
44 32
45 32
46 32
46 31
45 31
44 31
43 31
42 31
41 31
40 31
39 31
38 31
37 31
36 31
35 31
34 31
33 31
32 31
31 31
30 31
29 31
28 31
27 31
26 31
25 31
24 31
23 31
22 31
21 31
20 31
20 32
21 32
22 32
23 32
24 32
25 32
26 32
27 32
28 32
29 32
30 32
31 32
32 32
33 32
34 32
35 32
36 32
37 32
38 32
39 32
40 32
41 32
42 32
43 32
44 32
45 32
46 32
46 31
45 31
44 31
43 31
42 31
41 31
40 31
39 31
38 31
37 31
36 31
35 31
34 31
33 31
32 31
31 31
30 31
29 31
28 31
27 31
26 31
25 31
24 31
23 31
22 31
21 31
20 31
20 32
21 32
22 32
23 32
24 32
25 32
26 32
27 32
28 32
29 32
30 32
31 32
32 32
33 32
34 32
35 32
36 32
37 32
38 32
39 32
40 32
41 32
42 32
43 32
44 32
45 32
46 32
46 31
45 31
44 31
43 31
42 31
41 31
40 31
39 31
38 31
37 31
36 31
35 31
34 31
33 31
32 31
31 31
30 31
29 31
28 31
27 31
26 31
25 31
24 31
23 31
22 31
21 31
20 31
20 32
21 32
22 32
23 32
24 32
25 32
26 32
27 32
28 32
29 32
30 32
31 32
32 32
33 32
34 32
35 32
36 32
37 32
38 32
39 32
40 32
41 32
42 32
43 32
44 32
45 32
46 32
46 31
45 31
44 31
43 31
42 31
41 31
40 31
39 31
38 31
37 31
36 31
35 31
34 31
33 31
32 31
31 31
30 31
29 31
28 31
27 31
26 31
25 31
24 31
23 31
22 31
21 31
20 31
20 32
21 32
22 32
23 32
24 32
25 32
26 32
27 32
28 32
29 32
30 32
31 32
32 32
33 32
34 32
35 32
36 32
37 32
38 32
39 32
40 32
41 32
42 32
43 32
44 32
45 32
46 32
46 31
45 31
44 31
43 31
42 31
41 31
40 31
39 31
38 31
37 31
36 31
35 31
34 31
33 31
32 31
31 31
30 31
29 31
28 31
27 31
26 31
25 31
24 31
23 31
22 31
21 31
20 31
20 32
21 32
22 32
23 32
24 32
25 32
26 32
27 32
28 32
29 32
30 32
31 32
32 32
33 32
34 32
35 32
36 32
37 32
38 32
39 32
40 32
41 32
42 32
43 32
44 32
45 32
46 32
46 31
45 31
44 31
43 31
42 31
41 31
40 31
39 31
38 31
37 31
36 31
35 31
34 31
33 31
32 31
31 31
30 31
29 31
28 31
27 31
26 31
25 31
24 31
23 31
22 31
21 31
20 31
20 32
21 32
22 32
23 32
24 32
25 32
26 32
27 32
28 32
29 32
30 32
31 32
32 32
33 32
34 32
35 32
36 32
37 32
38 32
39 32
40 32
41 32
42 32
43 32
44 32
45 32
46 32
46 31
45 31
44 31
43 31
42 31
41 31
40 31
39 31
38 31
37 31
36 31
35 31
34 31
33 31
32 31
31 31
30 31
29 31
28 31
27 31
26 31
25 31
24 31
23 31
22 31
21 31
20 31
20 32
21 32
22 32
23 32
24 32
25 32
26 32
27 32
28 32
29 32
30 32
31 32
32 32
33 32
34 32
35 32
36 32
37 32
38 32
39 32
40 32
41 32
42 32
43 32
44 32
45 32
46 32
46 31
45 31
44 31
43 31
42 31
41 31
40 31
39 31
38 31
37 31
36 31
35 31
34 31
33 31
32 31
31 31
30 31
29 31
28 31
27 31
26 31
25 31
24 31
23 31
22 31
21 31
20 31
20 32
21 32
22 32
23 32
24 32
25 32
26 32
27 32
28 32
29 32
30 32
31 32
32 32
33 32
34 32
35 32
36 32
37 32
38 32
39 32
40 32
41 32
42 32
43 32
44 32
45 32
46 32
46 31
45 31
44 31
43 31
42 31
41 31
40 31
39 31
38 31
37 31
36 31
35 31
34 31
33 31
32 31
31 31
30 31
29 31
28 31
27 31
26 31
25 31
24 31
23 31
22 31
21 31
20 31
20 32
21 32
22 32
23 32
24 32
25 32
26 32
27 32
28 32
29 32
30 32
31 32
32 32
33 32
34 32
35 32
36 32
37 32
38 32
39 32
40 32
41 32
42 32
43 32
44 32
45 32
46 32
46 31
45 31
44 31
43 31
42 31
41 31
40 31
39 31
38 31
37 31
36 31
35 31
34 31
33 31
32 31
31 31
30 31
29 31
28 31
27 31
26 31
25 31
24 31
23 31
22 31
21 31
20 31
20 32
21 32
22 32
23 32
24 32
25 32
26 32
27 32
28 32
29 32
30 32
31 32
32 32
33 32
34 32
35 32
36 32
37 32
38 32
39 32
40 32
41 32
42 32
43 32
44 32
45 32
46 32
46 31
45 31
44 31
43 31
42 31
41 31
40 31
39 31
38 31
37 31
36 31
35 31
34 31
33 31
32 31
31 31
30 31
29 31
28 31
27 31
26 31
25 31
24 31
23 31
22 31
21 31
20 31
20 32
21 32
22 32
23 32
24 32
25 32
26 32
27 32
28 32
29 32
30 32
31 32
32 32
33 32
34 32
35 32
36 32
37 32
38 32
39 32
40 32
41 32
42 32
43 32
44 32
45 32
46 32
46 31
45 31
44 31
43 31
42 31
41 31
40 31
39 31
38 31
37 31
36 31
35 31
34 31
33 31
32 31
31 31
30 31
29 31
28 31
27 31
26 31
25 31
24 31
23 31
22 31
21 31
20 31
20 32
21 32
22 32
23 32
24 32
25 32
26 32
27 32
28 32
29 32
30 32
31 32
32 32
33 32
34 32
35 32
36 32
37 32
38 32
39 32
40 32
41 32
42 32
43 32
44 32
45 32
46 32
46 31
45 31
44 31
43 31
42 31
41 31
40 31
39 31
38 31
37 31
36 31
35 31
34 31
33 31
32 31
31 31
30 31
29 31
28 31
27 31
26 31
25 31
24 31
23 31
22 31
21 31
20 31
20 32
21 32
22 32
23 32
24 32
25 32
26 32
27 32
28 32
29 32
30 32
31 32
32 32
33 32
34 32
35 32
36 32
37 32
38 32
39 32
40 32
41 32
42 32
43 32
44 32
45 32
46 32
46 31
45 31
44 31
43 31
42 31
41 31
40 31
39 31
38 31
37 31
36 31
35 31
34 31
33 31
32 31
31 31
30 31
29 31
28 31
27 31
26 31
25 31
24 31
23 31
22 31
21 31
20 31
20 32
21 32
22 32
23 32
24 32
25 32
26 32
27 32
28 32
29 32
30 32
31 32
32 32
33 32
34 32
35 32
36 32
37 32
38 32
39 32
40 32
41 32
42 32
43 32
44 32
45 32
46 32
46 31
45 31
44 31
43 31
42 31
41 31
40 31
39 31
38 31
37 31
36 31
35 31
34 31
33 31
32 31
31 31
30 31
29 31
28 31
27 31
26 31
25 31
24 31
23 31
22 31
21 31
20 31
20 32
21 32
22 32
23 32
24 32
25 32
26 32
27 32
28 32
29 32
30 32
31 32
32 32
33 32
34 32
35 32
36 32
37 32
38 32
39 32
40 32
41 32
42 32
43 32
44 32
45 32
46 32
46 31
45 31
44 31
43 31
42 31
41 31
40 31
39 31
38 31
37 31
36 31
35 31
34 31
33 31
32 31
31 31
30 31
29 31
28 31
27 31
26 31
25 31
24 31
23 31
22 31
21 31
20 31
20 32
21 32
22 32
23 32
24 32
25 32
26 32
27 32
28 32
29 32
30 32
31 32
32 32
33 32
34 32
35 32
36 32
37 32
38 32
39 32
40 32
41 32
42 32
43 32
44 32
45 32
46 32
46 31
45 31
44 31
43 31
42 31
41 31
40 31
39 31
38 31
37 31
36 31
35 31
34 31
33 31
32 31
31 31
30 31
29 31
28 31
27 31
26 31
25 31
24 31
23 31
22 31
21 31
20 31
20 32
21 32
22 32
23 32
24 32
25 32
26 32
27 32
28 32
29 32
30 32
31 32
32 32
33 32
34 32
35 32
36 32
37 32
38 32
39 32
40 32
41 32
42 32
43 32
44 32
45 32
46 32
46 31
45 31
44 31
43 31
42 31
41 31
40 31
39 31
38 31
37 31
36 31
35 31
34 31
33 31
32 31
31 31
30 31
29 31
28 31
27 31
26 31
25 31
24 31
23 31
22 31
21 31
20 31
20 32
21 32
22 32
23 32
24 32
25 32
26 32
27 32
28 32
29 32
30 32
31 32
32 32
33 32
34 32
35 32
36 32
37 32
38 32
39 32
40 32
41 32
42 32
43 32
44 32
45 32
46 32
46 31
45 31
44 31
43 31
42 31
41 31
40 31
39 31
38 31
37 31
36 31
35 31
34 31
33 31
32 31
31 31
30 31
29 31
28 31
27 31
26 31
25 31
24 31
23 31
22 31
21 31
20 31
20 32
21 32
22 32
23 32
24 32
25 32
26 32
27 32
28 32
29 32
30 32
31 32
32 32
33 32
34 32
35 32
36 32
37 32
38 32
39 32
40 32
41 32
42 32
43 32
44 32
45 32
46 32
46 31
45 31
44 31
43 31
42 31
41 31
40 31
39 31
38 31
37 31
36 31
35 31
34 31
33 31
32 31
31 31
30 31
29 31
28 31
27 31
26 31
25 31
24 31
23 31
22 31
21 31
20 31
20 32
21 32
22 32
23 32
24 32
25 32
26 32
27 32
28 32
29 32
30 32
31 32
32 32
33 32
34 32
35 32
36 32
37 32
38 32
39 32
40 32
41 32
42 32
43 32
44 32
45 32
46 32
46 31
45 31
44 31
43 31
42 31
41 31
40 31
39 31
38 31
37 31
36 31
35 31
34 31
33 31
32 31
31 31
30 31
29 31
28 31
27 31
26 31
25 31
24 31
23 31
22 31
21 31
20 31
20 32
21 32
22 32
23 32
24 32
25 32
26 32
27 32
28 32
29 32
30 32
31 32
32 32
33 32
34 32
35 32
36 32
37 32
38 32
39 32
40 32
41 32
42 32
43 32
44 32
45 32
46 32
46 31
45 31
44 31
43 31
42 31
41 31
40 31
39 31
38 31
37 31
36 31
35 31
34 31
33 31
32 31
31 31
30 31
29 31
28 31
27 31
26 31
25 31
24 31
23 31
22 31
21 31
20 31
20 32
21 32
22 32
23 32
24 32
25 32
26 32
27 32
28 32
29 32
30 32
31 32
32 32
33 32
34 32
35 32
36 32
37 32
38 32
39 32
40 32
41 32
42 32
43 32
44 32
45 32
46 32
46 31
45 31
44 31
43 31
42 31
41 31
40 31
39 31
38 31
37 31
36 31
35 31
34 31
33 31
32 31
31 31
30 31
29 31
28 31
27 31
26 31
25 31
24 31
23 31
22 31
21 31
20 31
20 32
21 32
22 32
23 32
24 32
25 32
26 32
27 32
28 32
29 32
30 32
31 32
32 32
33 32
34 32
35 32
36 32
37 32
38 32
39 32
40 32
41 32
42 32
43 32
44 32
45 32
46 32
46 31
45 31
44 31
43 31
42 31
41 31
40 31
39 31
38 31
37 31
36 31
35 31
34 31
33 31
32 31
31 31
30 31
29 31
28 31
27 31
26 31
25 31
24 31
23 31
22 31
21 31
20 31
20 32
21 32
22 32
23 32
24 32
25 32
26 32
27 32
28 32
29 32
30 32
31 32
32 32
33 32
34 32
35 32
36 32
37 32
38 32
39 32
40 32
41 32
42 32
43 32
44 32
45 32
46 32
46 31
45 31
44 31
43 31
42 31
41 31
40 31
39 31
38 31
37 31
36 31
35 31
34 31
33 31
32 31
31 31
30 31
29 31
28 31
27 31
26 31
25 31
24 31
23 31
22 31
21 31
20 31
20 32
21 32
