33 11
32 11
31 11
30 11
29 11
28 11
27 11
26 11
25 11
24 11
23 11
22 11
21 11
20 11
19 11
18 11
18 12
18 13
18 14
18 15
18 16
18 17
18 18
18 19
18 20
18 21
18 22
18 23
18 24
18 25
18 26
18 27
18 28
18 29
18 30
18 31
18 32
18 33
18 34
18 35
19 35
20 35
21 35
22 35
23 35
24 35
25 35
26 35
27 35
28 35
29 35
30 35
31 35
32 35
33 35
33 34
32 34
32 35
33 35
33 34
32 34
32 35
33 35
33 34
32 34
32 35
33 35
33 34
32 34
32 35
33 35
33 34
32 34
32 35
33 35
33 34
32 34
32 35
33 35
33 34
32 34
32 35
33 35
33 34
32 34
32 35
33 35
33 34
32 34
32 35
33 35
33 34
32 34
32 35
33 35
33 34
32 34
32 35
33 35
33 34
32 34
32 35
33 35
33 34
32 34
32 35
33 35
33 34
32 34
32 35
33 35
33 34
32 34
32 35
33 35
33 34
32 34
32 35
33 35
33 34
32 34
32 35
33 35
33 34
32 34
32 35
33 35
33 34
32 34
32 35
33 35
33 34
32 34
32 35
33 35
33 34
32 34
32 35
33 35
33 34
32 34
32 35
33 35
33 34
32 34
32 35
33 35
33 34
32 34
32 35
33 35
33 34
32 34
32 35
33 35
33 34
32 34
32 35
33 35
33 34
32 34
32 35
33 35
33 34
32 34
32 35
33 35
33 34
32 34
32 35
33 35
33 34
32 34
32 35
33 35
33 34
32 34
32 35
33 35
33 34
32 34
32 35
33 35
33 34
32 34
32 35
33 35
33 34
32 34
32 35
33 35
33 34
32 34
32 35
33 35
33 34
32 34
32 35
33 35
33 34
32 34
32 35
33 35
33 34
32 34
32 35
33 35
33 34
32 34
32 35
33 35
33 34
32 34
32 35
33 35
33 34
32 34
32 35
33 35
33 34
32 34
32 35
33 35
33 34
32 34
32 35
33 35
33 34
32 34
32 35
33 35
33 34
32 34
32 35
33 35
33 34
32 34
32 35
33 35
33 34
32 34
32 35
33 35
33 34
32 34
32 35
33 35
33 34
32 34
32 35
33 35
33 34
32 34
32 35
33 35
33 34
32 34
32 35
33 35
33 34
32 34
32 35
33 35
33 34
32 34
32 35
33 35
33 34
32 34
32 35
33 35
33 34
32 34
32 35
33 35
33 34
32 34
32 35
33 35
33 34
32 34
32 35
33 35
33 34
32 34
32 35
33 35
33 34
32 34
32 35
33 35
33 34
32 34
32 35
33 35
33 34
32 34
32 35
33 35
33 34
32 34
32 35
