26 2
25 2
25 3
25 4
25 5
25 6
25 7
24 7
24 8
24 9
23 9
22 9
21 9
21 10
21 11
21 12
20 12
19 12
19 13
18 13
18 14
18 15
18 16
18 17
18 18
17 18
16 18
16 19
15 19
14 19
14 20
14 21
13 21
12 21
11 21
10 21
9 21
8 21
7 21
6 21
5 21
4 21
3 21
3 20
3 19
3 18
3 17
3 16
3 15
4 15
5 15
5 14
5 13
6 13
7 13
8 13
8 14
8 15
8 16
8 17
8 18
8 19
8 20
8 21
8 22
8 23
8 24
8 25
8 26
8 27
8 28
8 29
8 30
8 31
8 32
8 33
8 34
8 35
8 36
8 37
8 38
8 39
8 40
9 40
9 39
9 38
9 37
9 36
9 35
10 35
10 34
11 34
11 33
11 32
11 31
11 30
11 29
11 28
11 27
11 26
11 25
11 24
11 23
12 23
12 22
12 21
12 20
12 19
13 19
13 18
14 18
15 18
16 18
16 17
16 16
16 15
16 14
16 13
16 12
16 11
16 10
16 9
16 8
16 7
17 7
17 6
18 6
18 5
18 4
19 4
19 5
19 6
19 7
20 7
20 8
20 9
20 10
20 11
21 11
21 12
21 13
21 14
22 14
22 15
23 15
23 16
24 16
25 16
25 17
26 17
27 17
27 18
27 19
27 20
27 21
27 22
27 23
27 24
27 25
27 26
27 27
27 28
27 29
27 30
27 31
27 32
26 32
26 31
26 30
25 30
25 29
24 29
24 28
24 27
24 26
23 26
23 25
22 25
21 25
21 24
21 23
21 22
21 21
20 21
19 21
19 20
18 20
18 19
18 18
18 17
17 17
16 17
16 16
16 15
16 14
16 13
15 13
15 12
15 11
15 10
14 10
14 11
14 12
14 13
14 14
14 15
14 16
13 16
13 17
13 18
13 19
13 20
12 20
12 21
12 22
11 22
10 22
9 22
8 22
7 22
6 22
5 22
4 22
3 22
3 23
3 24
3 25
3 26
3 27
3 28
3 29
4 29
