30 60
30 59
30 58
30 57
30 56
30 55
30 54
30 53
31 53
31 52
31 51
31 50
32 50
33 50
34 50
35 50
36 50
37 50
37 49
38 49
39 49
40 49
41 49
42 49
42 48
42 47
42 46
42 45
43 45
44 45
45 45
46 45
47 45
48 45
49 45
50 45
51 45
52 45
53 45
54 45
55 45
56 45
57 45
58 45
59 45
60 45
61 45
62 45
62 44
62 43
62 42
62 41
62 40
62 39
62 38
62 37
62 36
62 35
62 34
62 33
62 32
62 31
62 30
62 29
62 28
62 27
62 26
62 25
62 24
62 23
62 22
62 21
62 20
62 19
62 18
63 18
64 18
64 17
64 16
64 15
64 14
65 14
65 13
66 13
66 12
66 11
66 10
66 9
65 9
64 9
63 9
62 9
61 9
60 9
59 9
58 9
57 9
56 9
55 9
54 9
53 9
52 9
51 9
50 9
49 9
48 9
47 9
46 9
45 9
44 9
43 9
42 9
41 9
40 9
39 9
38 9
37 9
36 9
36 8
35 8
35 9
35 10
35 11
36 11
36 12
36 13
37 13
38 13
39 13
40 13
40 14
40 15
40 16
40 17
41 17
42 17
42 18
42 19
42 20
42 21
42 22
42 23
43 23
43 24
43 25
43 26
44 26
45 26
45 27
45 28
46 28
46 29
46 30
47 30
48 30
49 30
50 30
50 31
50 32
50 33
50 34
50 35
51 35
51 36
51 37
52 37
52 38
52 39
52 40
53 40
54 40
54 41
54 42
54 43
54 44
54 45
54 46
54 47
54 48
54 49
55 49
55 50
55 51
56 51
56 52
56 53
56 54
57 54
58 54
58 55
58 56
59 56
60 56
61 56
61 57
61 58
62 58
62 59
63 59
64 59
65 59
66 59
67 59
68 59
68 60
69 60
70 60
70 61
71 61
72 61
73 61
74 61
75 61
76 61
76 62
77 62
77 63
77 64
77 65
77 66
77 67
77 68
78 68
79 68
79 67
79 66
79 65
78 65
78 64
78 63
77 63
77 62
77 61
77 60
76 60
75 60
74 60
74 59
73 59
72 59
71 59
70 59
70 58
70 57
69 57
68 57
67 57
66 57
66 56
66 55
65 55
64 55
63 55
63 54
63 53
63 52
63 51
62 51
61 51
61 50
61 49
61 48
61 47
61 46
60 46
60 45
60 44
60 43
59 43
59 42
59 41
59 40
59 39
59 38
59 37
59 36
58 36
57 36
57 35
57 34
56 34
56 33
55 33
54 33
53 33
52 33
51 33
50 33
49 33
49 32
49 31
49 30
49 29
48 29
48 28
48 27
48 26
48 25
47 25
46 25
45 25
44 25
43 25
42 25
41 25
40 25
39 25
38 25
37 25
36 25
35 25
34 25
33 25
32 25
31 25
30 25
29 25
28 25
27 25
26 25
25 25
24 25
23 25
22 25
21 25
20 25
19 25
18 25
17 25
16 25
15 25
14 25
13 25
12 25
11 25
10 25
9 25
8 25
8 26
9 26
10 26
10 27
10 28
10 29
10 30
10 31
10 32
11 32
12 32
12 33
12 34
13 34
13 35
14 35
15 35
15 36
15 37
16 37
17 37
18 37
18 38
19 38
20 38
21 38
22 38
23 38
24 38
25 38
26 38
27 38
28 38
28 39
28 40
29 40
30 40
30 41
30 42
30 43
30 44
30 45
30 46
30 47
30 48
30 49
30 50
30 51
31 51
31 52
31 53
32 53
32 54
31 54
30 54
30 53
30 52
30 51
30 50
30 49
29 49
29 48
29 47
29 46
29 45
29 44
28 44
28 43
28 42
27 42
26 42
26 41
26 40
26 39
26 38
26 37
26 36
26 35
26 34
26 33
25 33
25 32
25 31
24 31
23 31
22 31
21 31
20 31
19 31
18 31
17 31
16 31
15 31
14 31
13 31
12 31
11 31
11 32
12 32
13 32
14 32
15 32
16 32
16 33
17 33
18 33
19 33
19 34
19 35
20 35
21 35
22 35
22 36
23 36
24 36
25 36
26 36
27 36
28 36
29 36
30 36
30 37
31 37
31 38
32 38
33 38
34 38
34 39
35 39
36 39
37 39
38 39
38 40
38 41
39 41
39 42
40 42
41 42
42 42
43 42
44 42
45 42
46 42
47 42
48 42
49 42
50 42
51 42
52 42
53 42
54 42
55 42
56 42
57 42
58 42
58 43
59 43
60 43
61 43
61 44
62 44
63 44
64 44
65 44
66 44
66 45
67 45
68 45
69 45
69 46
70 46
70 47
71 47
71 48
71 49
71 50
71 51
72 51
73 51
74 51
74 50
74 49
74 48
74 47
73 47
73 46
72 46
71 46
70 46
69 46
68 46
67 46
66 46
65 46
64 46
63 46
63 45
62 45
61 45
60 45
59 45
58 45
58 44
58 43
57 43
57 44
57 45
56 45
56 46
55 46
54 46
53 46
52 46
51 46
50 46
49 46
48 46
47 46
46 46
45 46
44 46
43 46
42 46
41 46
40 46
39 46
38 46
37 46
36 46
35 46
34 46
33 46
32 46
31 46
30 46
29 46
28 46
27 46
26 46
25 46
24 46
23 46
22 46
21 46
20 46
19 46
18 46
17 46
16 46
15 46
15 47
14 47
13 47
12 47
11 47
10 47
9 47
8 47
7 47
6 47
6 46
6 45
7 45
7 44
7 43
7 42
7 41
8 41
8 40
9 40
10 40
11 40
12 40
13 40
14 40
15 40
16 40
17 40
18 40
19 40
20 40
21 40
22 40
23 40
24 40
25 40
26 40
27 40
28 40
29 40
30 40
31 40
32 40
33 40
34 40
35 40
36 40
37 40
38 40
39 40
39 41
40 41
41 41
41 42
42 42
43 42
44 42
45 42
46 42
47 42
48 42
49 42
50 42
51 42
51 43
52 43
53 43
54 43
55 43
56 43
57 43
57 44
58 44
59 44
60 44
61 44
62 44
63 44
64 44
64 45
64 46
64 47
65 47
66 47
67 47
67 48
66 48
65 48
64 48
63 48
63 47
62 47
61 47
60 47
59 47
58 47
57 47
56 47
55 47
54 47
53 47
52 47
51 47
50 47
50 46
49 46
48 46
47 46
47 45
46 45
45 45
44 45
43 45
42 45
41 45
40 45
39 45
38 45
37 45
36 45
35 45
34 45
33 45
32 45
31 45
30 45
29 45
28 45
27 45
26 45
25 45
24 45
23 45
22 45
21 45
20 45
19 45
18 45
17 45
17 46
17 47
17 48
17 49
16 49
15 49
14 49
14 50
14 51
14 52
13 52
12 52
11 52
10 52
9 52
8 52
7 52
6 52
6 53
6 54
6 55
6 56
6 57
6 58
6 59
6 60
6 61
6 62
6 63
6 64
6 65
6 66
6 67
6 68
6 69
6 70
6 71
6 72
6 73
6 74
6 75
6 76
6 77
6 78
6 79
6 80
6 81
6 82
6 83
6 84
6 85
6 86
6 87
6 88
6 89
7 89
7 88
7 87
7 86
