48 15
48 14
47 14
47 13
46 13
45 13
44 13
43 13
42 13
41 13
40 13
39 13
38 13
37 13
36 13
35 13
34 13
33 13
32 13
31 13
30 13
29 13
28 13
27 13
26 13
25 13
24 13
23 13
22 13
21 13
20 13
19 13
18 13
17 13
16 13
15 13
14 13
13 13
12 13
11 13
10 13
9 13
8 13
7 13
6 13
5 13
4 13
3 13
2 13
1 13
1 12
1 11
1 10
1 9
2 9
3 9
4 9
5 9
6 9
7 9
8 9
9 9
10 9
11 9
12 9
13 9
14 9
15 9
16 9
17 9
18 9
19 9
20 9
21 9
22 9
23 9
24 9
25 9
26 9
27 9
28 9
29 9
30 9
31 9
32 9
33 9
34 9
35 9
36 9
36 10
36 11
36 12
36 13
36 14
36 15
36 16
36 17
36 18
36 19
36 20
36 21
36 22
36 23
36 24
36 25
36 26
36 27
36 28
36 29
36 30
36 31
36 32
36 33
36 34
36 35
36 36
36 37
36 38
36 39
36 40
36 41
36 42
36 43
36 44
35 44
35 43
35 42
35 41
35 40
35 39
35 38
35 37
35 36
35 35
35 34
35 33
35 32
35 31
35 30
35 29
35 28
35 27
35 26
35 25
35 24
35 23
35 22
35 21
35 20
35 19
35 18
35 17
35 16
35 15
35 14
36 14
37 14
38 14
39 14
40 14
41 14
42 14
43 14
44 14
45 14
46 14
47 14
48 14
49 14
50 14
51 14
52 14
53 14
54 14
55 14
56 14
57 14
58 14
58 15
58 16
58 17
58 18
58 19
58 20
58 21
58 22
58 23
58 24
58 25
58 26
58 27
58 28
58 29
58 30
58 31
58 32
58 33
58 34
58 35
58 36
58 37
58 38
58 39
58 40
58 41
58 42
58 43
58 44
58 45
58 46
58 47
58 48
58 49
58 50
58 51
58 52
58 53
58 54
58 55
58 56
58 57
58 58
58 59
58 60
57 60
56 60
56 59
56 58
56 57
55 57
54 57
53 57
52 57
51 57
50 57
49 57
48 57
47 57
46 57
45 57
44 57
43 57
42 57
41 57
40 57
39 57
38 57
37 57
36 57
35 57
34 57
33 57
33 56
33 55
33 54
33 53
33 52
33 51
33 50
33 49
33 48
33 47
33 46
33 45
33 44
33 43
33 42
33 41
33 40
33 39
33 38
33 37
33 36
33 35
33 34
33 33
33 32
33 31
33 30
33 29
33 28
33 27
33 26
33 25
33 24
33 23
33 22
33 21
33 20
33 19
33 18
33 17
33 16
33 15
33 14
33 13
33 12
33 11
33 10
33 9
33 8
33 7
33 6
32 6
31 6
30 6
29 6
28 6
27 6
26 6
25 6
24 6
23 6
22 6
21 6
20 6
19 6
18 6
17 6
16 6
15 6
14 6
13 6
13 7
13 8
13 9
13 10
13 11
13 12
13 13
13 14
13 15
13 16
13 17
13 18
13 19
13 20
13 21
13 22
13 23
13 24
13 25
13 26
13 27
13 28
13 29
13 30
13 31
13 32
13 33
13 34
13 35
13 36
13 37
13 38
13 39
13 40
13 41
13 42
13 43
13 44
13 45
13 46
13 47
13 48
13 49
13 50
13 51
13 52
13 53
13 54
13 55
13 56
13 57
13 58
13 59
13 60
14 60
14 59
14 58
14 57
14 56
14 55
14 54
14 53
14 52
14 51
14 50
14 49
14 48
14 47
14 46
14 45
14 44
14 43
14 42
14 41
14 40
14 39
14 38
14 37
14 36
14 35
14 34
14 33
14 32
14 31
14 30
14 29
14 28
14 27
14 26
14 25
14 24
14 23
14 22
13 22
12 22
11 22
10 22
9 22
8 22
7 22
6 22
6 21
5 21
4 21
3 21
2 21
2 22
2 23
2 24
2 25
3 25
3 24
3 23
3 22
4 22
4 21
4 20
4 19
4 18
4 17
4 16
4 15
4 14
4 13
4 12
4 11
5 11
6 11
7 11
8 11
9 11
10 11
11 11
12 11
13 11
14 11
15 11
16 11
17 11
18 11
19 11
20 11
21 11
22 11
23 11
24 11
25 11
26 11
26 12
26 13
26 14
26 15
26 16
26 17
26 18
26 19
26 20
26 21
26 22
26 23
26 24
26 25
26 26
25 26
25 27
25 28
25 29
25 30
25 31
24 31
23 31
22 31
21 31
20 31
19 31
18 31
17 31
16 31
16 30
16 29
15 29
14 29
13 29
12 29
11 29
10 29
9 29
9 28
9 27
9 26
9 25
9 24
9 23
9 22
9 21
9 20
8 20
8 19
8 18
8 17
8 16
8 15
8 14
8 13
8 12
8 11
8 10
8 9
8 8
8 7
8 6
8 5
8 4
8 3
8 2
8 1
9 1
10 1
11 1
11 2
11 3
11 4
11 5
11 6
11 7
11 8
11 9
11 10
11 11
11 12
11 13
11 14
11 15
11 16
11 17
11 18
11 19
11 20
11 21
11 22
11 23
11 24
11 25
11 26
11 27
11 28
11 29
11 30
11 31
11 32
11 33
11 34
11 35
11 36
11 37
11 38
11 39
10 39
9 39
8 39
7 39
7 40
7 41
7 42
7 43
7 44
7 45
7 46
7 47
7 48
7 49
7 50
7 51
7 52
7 53
7 54
7 55
7 56
7 57
7 58
7 59
7 60
6 60
6 59
6 58
6 57
6 56
6 55
6 54
6 53
6 52
6 51
6 50
6 49
6 48
6 47
6 46
6 45
6 44
6 43
6 42
6 41
6 40
6 39
7 39
8 39
9 39
10 39
11 39
12 39
13 39
14 39
15 39
16 39
17 39
18 39
19 39
20 39
21 39
22 39
23 39
24 39
25 39
26 39
27 39
28 39
29 39
30 39
31 39
32 39
33 39
34 39
35 39
36 39
37 39
38 39
39 39
40 39
41 39
42 39
43 39
44 39
45 39
46 39
47 39
48 39
49 39
50 39
51 39
52 39
53 39
54 39
55 39
55 38
55 37
55 36
55 35
55 34
55 33
55 32
55 31
55 30
55 29
55 28
55 27
55 26
55 25
55 24
55 23
55 22
55 21
55 20
55 19
55 18
55 17
55 16
55 15
54 15
53 15
52 15
51 15
50 15
49 15
48 15
47 15
46 15
45 15
45 16
45 17
45 18
45 19
45 20
45 21
45 22
45 23
45 24
45 25
45 26
45 27
45 28
45 29
45 30
45 31
45 32
45 33
45 34
45 35
45 36
45 37
45 38
45 39
45 40
45 41
45 42
45 43
45 44
45 45
45 46
45 47
44 47
43 47
42 47
41 47
40 47
39 47
38 47
37 47
36 47
35 47
34 47
33 47
32 47
31 47
30 47
29 47
28 47
27 47
26 47
25 47
24 47
24 46
24 45
24 44
24 43
24 42
24 41
24 40
24 39
24 38
24 37
24 36
24 35
24 34
24 33
24 32
24 31
24 30
24 29
24 28
24 27
24 26
24 25
25 25
26 25
27 25
28 25
29 25
30 25
31 25
32 25
33 25
34 25
35 25
36 25
37 25
38 25
39 25
40 25
41 25
42 25
43 25
44 25
44 26
44 27
44 28
44 29
44 30
44 31
44 32
44 33
44 34
44 35
44 36
44 37
44 38
44 39
44 40
43 40
42 40
41 40
40 40
39 40
38 40
37 40
36 40
36 39
36 38
36 37
36 36
36 35
36 34
36 33
36 32
36 31
36 30
36 29
36 28
36 27
36 26
36 25
36 24
36 23
37 23
38 23
39 23
40 23
41 23
42 23
43 23
44 23
45 23
46 23
47 23
48 23
49 23
50 23
51 23
52 23
53 23
54 23
55 23
56 23
57 23
58 23
59 23
59 24
59 25
59 26
59 27
59 28
59 29
59 30
59 31
59 32
59 33
59 34
59 35
59 36
58 36
57 36
56 36
55 36
54 36
53 36
52 36
51 36
50 36
49 36
48 36
47 36
46 36
45 36
44 36
43 36
42 36
41 36
40 36
39 36
38 36
37 36
36 36
36 35
36 34
36 33
36 32
36 31
36 30
36 29
36 28
36 27
36 26
36 25
36 24
36 23
36 22
36 21
36 20
37 20
38 20
39 20
40 20
41 20
42 20
43 20
44 20
45 20
46 20
47 20
48 20
49 20
50 20
51 20
51 21
51 22
51 23
51 24
51 25
51 26
51 27
51 28
51 29
51 30
51 31
51 32
51 33
51 34
51 35
51 36
51 37
51 38
51 39
51 40
51 41
51 42
51 43
51 44
51 45
51 46
51 47
51 48
51 49
51 50
51 51
51 52
50 52
49 52
48 52
47 52
46 52
45 52
44 52
43 52
42 52
41 52
40 52
39 52
38 52
37 52
36 52
35 52
34 52
33 52
32 52
31 52
30 52
29 52
28 52
27 52
26 52
25 52
24 52
23 52
22 52
21 52
20 52
19 52
18 52
17 52
16 52
15 52
14 52
13 52
12 52
11 52
10 52
9 52
8 52
7 52
7 51
7 50
7 49
7 48
7 47
7 46
7 45
7 44
7 43
7 42
7 41
7 40
7 39
7 38
7 37
7 36
7 35
7 34
7 33
7 32
7 31
7 30
7 29
7 28
7 27
7 26
7 25
7 24
7 23
7 22
7 21
7 20
7 19
7 18
7 17
7 16
7 15
7 14
7 13
8 13
9 13
10 13
11 13
12 13
13 13
14 13
15 13
16 13
17 13
18 13
19 13
20 13
21 13
22 13
23 13
24 13
25 13
26 13
27 13
28 13
29 13
30 13
31 13
32 13
33 13
34 13
35 13
36 13
37 13
38 13
39 13
40 13
41 13
42 13
43 13
44 13
45 13
46 13
47 13
47 12
47 11
47 10
48 10
49 10
50 10
51 10
52 10
53 10
54 10
55 10
56 10
57 10
58 10
58 11
58 12
58 13
58 14
58 15
58 16
58 17
58 18
58 19
58 20
58 21
58 22
58 23
58 24
58 25
58 26
58 27
58 28
58 29
58 30
58 31
58 32
58 33
58 34
58 35
58 36
58 37
58 38
58 39
58 40
58 41
58 42
58 43
58 44
58 45
58 46
58 47
58 48
58 49
58 50
58 51
57 51
56 51
55 51
54 51
53 51
52 51
51 51
50 51
49 51
48 51
47 51
46 51
45 51
44 51
43 51
42 51
41 51
40 51
39 51
38 51
37 51
36 51
35 51
34 51
33 51
32 51
31 51
30 51
29 51
28 51
27 51
26 51
25 51
24 51
23 51
22 51
21 51
20 51
19 51
18 51
17 51
16 51
15 51
14 51
13 51
12 51
11 51
10 51
10 50
10 49
10 48
10 47
10 46
10 45
10 44
10 43
10 42
10 41
10 40
10 39
10 38
10 37
10 36
10 35
10 34
10 33
10 32
9 32
8 32
8 33
8 34
9 34
9 33
8 33
