20 17
20 16
19 16
19 17
18 17
18 18
18 19
17 19
17 18
17 17
16 17
16 16
15 16
15 15
14 15
14 14
14 13
14 12
14 11
14 10
13 10
12 10
11 10
10 10
10 11
11 11
11 12
11 13
11 14
10 14
10 15
10 16
10 17
10 18
10 19
9 19
9 20
10 20
11 20
11 19
12 19
12 18
12 17
11 17
10 17
10 18
11 18
11 19
10 19
9 19
9 18
9 17
8 17
8 18
7 18
7 17
7 16
7 15
6 15
6 16
5 16
5 15
5 14
5 13
5 12
6 12
6 13
7 13
7 12
7 11
8 11
8 10
8 9
7 9
7 8
7 7
7 6
8 6
8 5
8 4
7 4
6 4
5 4
5 3
4 3
3 3
3 4
2 4
2 5
3 5
4 5
5 5
6 5
7 5
8 5
9 5
10 5
11 5
12 5
13 5
14 5
15 5
15 6
15 7
14 7
14 8
14 9
14 10
14 11
14 12
13 12
13 13
13 14
14 14
14 15
13 15
13 16
14 16
15 16
16 16
17 16
17 15
17 14
16 14
16 15
15 15
15 16
14 16
14 17
13 17
13 18
14 18
15 18
15 17
14 17
