20 17
20 16
19 16
19 15
18 15
18 14
17 14
17 13
16 13
16 12
15 12
15 11
14 11
14 10
13 10
12 10
11 10
10 10
10 11
10 12
10 13
10 14
10 15
10 16
10 17
10 18
10 19
10 20
9 20
9 19
9 18
9 17
8 17
7 17
7 16
7 15
7 14
7 13
7 12
7 11
7 10
7 9
7 8
7 7
7 6
7 5
7 4
6 4
5 4
4 4
3 4
2 4
2 5
2 6
2 7
2 8
2 9
2 10
2 11
2 12
2 13
2 14
2 15
2 16
3 16
4 16
5 16
6 16
7 16
8 16
9 16
10 16
11 16
12 16
13 16
14 16
15 16
16 16
16 15
15 15
14 15
13 15
12 15
11 15
10 15
9 15
8 15
8 14
8 13
8 12
8 11
8 10
8 9
8 8
8 7
8 6
8 5
8 4
8 3
8 2
7 2
6 2
5 2
4 2
3 2
2 2
1 2
1 3
1 4
1 5
1 6
1 7
1 8
1 9
1 10
1 11
1 12
1 13
1 14
1 15
1 16
1 17
1 18
1 19
1 20
2 20
2 19
2 18
2 17
2 16
2 15
2 14
2 13
2 12
2 11
2 10
2 9
2 8
2 7
2 6
2 5
2 4
2 3
2 2
2 1
3 1
4 1
5 1
6 1
7 1
8 1
9 1
10 1
11 1
12 1
12 2
12 3
12 4
12 5
12 6
12 7
12 8
12 9
12 10
12 11
12 12
12 13
12 14
12 15
12 16
12 17
11 17
10 17
9 17
9 18
8 18
8 17
8 16
8 15
8 14
8 13
8 12
8 11
8 10
8 9
8 8
8 7
8 6
7 6
6 6
5 6
4 6
3 6
2 6
1 6
1 7
1 8
1 9
2 9
3 9
4 9
5 9
6 9
7 9
8 9
9 9
10 9
11 9
12 9
13 9
14 9
15 9
16 9
16 8
16 7
16 6
16 5
16 4
16 3
15 3
14 3
14 4
14 5
14 6
14 7
14 8
15 8
15 7
15 6
15 5
15 4
14 4
