33 11
33 12
32 12
32 13
32 14
31 14
30 14
30 15
30 16
29 16
28 16
28 15
27 15
27 16
26 16
26 17
25 17
24 17
24 16
23 16
22 16
21 16
20 16
20 15
19 15
18 15
18 16
18 17
19 17
20 17
21 17
22 17
23 17
23 18
23 19
23 20
23 21
23 22
23 23
24 23
24 24
24 25
24 26
24 27
24 28
24 29
24 30
24 31
24 32
25 32
26 32
26 33
26 34
26 35
27 35
27 36
26 36
26 35
27 35
27 36
27 37
27 38
27 39
27 40
27 41
27 42
26 42
26 41
26 40
26 39
27 39
27 38
27 37
27 36
28 36
29 36
29 35
30 35
31 35
31 34
32 34
32 35
33 35
33 34
34 34
35 34
36 34
37 34
38 34
39 34
40 34
40 35
41 35
42 35
42 36
43 36
43 35
44 35
45 35
46 35
47 35
48 35
48 36
48 37
48 38
48 39
48 40
48 41
49 41
49 42
49 43
49 44
49 45
49 46
50 46
50 47
50 48
50 49
50 50
49 50
49 49
50 49
