48 15
48 14
47 14
47 13
46 13
45 13
44 13
43 13
42 13
41 13
40 13
39 13
39 12
38 12
38 13
37 13
36 13
35 13
34 13
34 12
33 12
33 13
32 13
31 13
30 13
29 13
29 14
28 14
27 14
26 14
26 15
25 15
25 14
24 14
24 15
24 14
23 14
22 14
22 13
21 13
20 13
19 13
19 14
18 14
17 14
17 13
16 13
15 13
15 14
14 14
14 13
13 13
12 13
11 13
10 13
9 13
8 13
7 13
6 13
6 12
5 12
5 11
5 12
4 12
4 13
3 13
2 13
1 13
1 12
2 12
2 11
2 10
2 9
3 9
4 9
5 9
6 9
7 9
8 9
8 8
9 8
9 9
10 9
11 9
11 10
12 10
12 9
13 9
14 9
15 9
16 9
17 9
18 9
19 9
20 9
21 9
22 9
23 9
24 9
25 9
26 9
27 9
27 8
28 8
28 7
29 7
30 7
30 8
30 9
30 10
30 11
30 12
30 13
30 14
30 15
30 16
30 17
30 18
30 19
30 20
31 20
32 20
32 19
33 19
33 20
33 21
33 22
34 22
34 23
33 23
33 24
34 24
35 24
36 24
36 25
36 26
35 26
35 27
36 27
36 26
37 26
37 27
37 28
37 29
37 30
36 30
35 30
35 31
35 32
36 32
36 33
36 34
35 34
34 34
34 33
34 32
34 31
34 30
34 29
33 29
33 30
34 30
