90 1000 23
30 60
61 45
66 13
35 8
79 68
8 25
32 54
11 31
42 42
74 51
58 43
6 47
37 40
67 47
21 45
6 89
37 7
12 9
43 14
30 60
35 88
60 64
43 13
18 48
17 77
7 73
51 73
26 77
3 70
66 53
15 77
21 86
23 55
36 34
56 60
42 28
48 63
33 80
39 36
85 90
60 25
43 58
16 88
41 44
81 90
45 24
23 17
17 64
74 76
21 21
38 66
14 55
81 32
56 46
49 39
8 14
48 8
26 34
90 26
70 78
79 11
42 82
60 16
73 85
15 63
17 54
62 66
75 23
59 56
90 87
41 46
1 4
58 5
51 36
75 44
4 25
39 32
19 39
53 39
47 63
78 74
9 49
1 26
6 74
54 22
47 87
66 4
40 34
66 45
11 21
85 25
75 62
85 15
20 63
33 84
6 4
75 7
76 83
85 50
40 20
77 88
81 51
73 85
12 12
72 64
7 16
20 71
28 50
49 67
70 8
78 8
21 10
60 14
86 12
2 53
21 35
86 79
89 38
42 36
60 77
17 84
7 82
23 44
79 40
8 52
88 77
71 17
86 48
18 13
21 89
25 12
26 64
78 39
37 73
27 30
47 48
66 38
21 3
36 29
87 33
79 70
43 75
55 5
20 9
25 38
57 8
35 65
8 58
9 51
29 28
63 9
23 64
18 41
38 74
61 66
25 71
13 14
75 5
55 21
18 27
57 52
36 76
43 18
73 45
24 46
21 51
78 13
87 53
73 21
48 74
30 62
71 20
72 40
29 41
67 32
88 79
61 25
14 89
23 1
63 13
44 81
58 31
36 23
58 23
44 40
13 13
1 25
44 90
47 71
5 60
45 85
83 16
39 27
65 45
40 36
80 1
78 82
74 15
42 30
19 22
64 6
72 17
32 77
43 54
87 59
37 10
45 79
67 73
67 55
81 62
25 33
87 58
63 45
40 10
22 66
78 14
40 87
86 53
76 63
19 90
81 16
18 17
37 80
56 35
76 11
63 59
26 75
70 52
41 3
79 30
64 54
77 60
3 47
64 9
1 44
90 2
29 8
85 84
42 11
10 41
53 66
38 15
13 2
54 66
70 68
39 58
15 16
37 64
20 70
22 18
79 68
86 78
73 18
5 25
75 65
89 72
5 23
45 15
66 23
33 35
40 58
7 23
88 66
5 13
70 76
59 31
63 12
57 47
58 78
82 78
62 85
64 37
85 22
73 3
60 84
39 47
69 82
15 61
26 42
12 86
39 59
43 59
69 90
62 67
78 77
30 81
77 66
76 48
80 18
15 19
75 29
65 64
78 54
77 29
25 8
29 77
9 84
90 85
22 55
86 77
68 89
67 34
74 4
64 45
78 75
65 88
61 82
30 84
21 60
13 82
80 55
18 68
25 1
15 40
7 19
16 37
64 20
25 25
11 69
45 41
42 38
26 72
54 79
82 57
24 31
89 34
40 84
5 32
49 62
50 88
31 29
39 26
19 55
84 51
30 49
8 34
48 5
64 56
4 5
87 60
20 32
82 2
26 30
72 48
43 60
5 41
66 5
40 33
75 32
55 37
17 62
71 76
73 89
13 4
6 90
43 70
3 11
82 36
27 67
33 32
25 20
51 61
37 2
73 30
80 37
29 43
55 71
75 25
11 16
41 1
5 55
90 29
46 22
11 45
42 70
11 50
51 84
24 16
44 87
89 80
45 66
51 87
60 88
78 15
3 33
14 1
47 76
40 59
60 53
62 60
60 63
19 9
12 7
53 90
16 67
73 72
41 31
87 74
48 81
87 14
46 44
25 24
8 40
72 51
12 51
85 80
27 34
32 30
83 68
62 86
52 57
70 66
69 36
10 48
5 83
79 72
10 83
12 37
47 70
53 89
56 45
36 14
34 7
27 23
36 84
26 33
70 32
58 41
81 15
37 45
11 84
48 23
57 5
11 68
41 84
77 82
18 16
74 28
57 86
70 3
17 22
82 13
10 72
70 87
5 13
9 47
69 68
59 32
52 69
17 77
33 59
20 23
11 84
12 46
37 80
7 33
84 79
68 74
9 22
47 42
65 56
24 24
15 64
44 2
22 46
9 70
76 84
89 36
82 2
27 41
58 19
58 84
10 60
37 5
33 89
38 6
35 83
27 54
89 61
52 21
11 57
36 89
38 14
88 22
4 29
13 78
50 3
15 53
52 53
39 55
19 33
10 49
72 59
5 45
23 32
59 14
45 13
3 76
79 68
5 36
33 26
51 28
62 9
17 73
43 32
20 64
65 27
87 46
70 63
80 84
54 40
42 65
42 14
60 59
17 8
27 86
83 83
47 47
85 10
10 87
64 88
66 27
23 61
10 69
83 6
47 34
6 45
62 82
41 1
54 62
39 63
63 39
46 63
16 80
65 36
34 21
78 31
25 72
60 45
42 39
40 76
90 71
19 52
62 8
23 21
75 15
28 24
65 89
32 45
55 61
71 41
73 59
69 17
22 15
2 84
71 9
13 44
72 3
44 81
10 13
88 75
90 8
76 82
42 13
5 31
74 49
45 8
13 39
26 40
80 79
76 11
22 65
66 85
13 30
48 84
88 28
60 8
82 15
38 23
24 17
76 68
9 20
75 56
30 48
28 26
75 31
27 47
54 40
37 80
59 52
70 38
16 33
10 17
37 33
24 7
41 42
69 80
31 33
67 90
88 7
29 9
85 83
50 61
47 79
55 44
64 53
53 25
3 45
84 68
36 73
67 20
55 48
63 76
80 41
20 30
85 52
3 30
4 2
84 4
66 33
17 55
54 60
35 65
84 80
24 74
11 62
19 81
33 52
36 88
73 7
49 25
39 1
24 35
62 52
9 69
59 73
46 10
26 71
11 63
54 25
4 57
5 36
87 66
62 87
71 44
63 37
54 57
69 40
72 36
54 8
83 16
80 4
35 65
85 29
75 90
11 78
81 19
26 42
24 63
89 2
31 28
69 30
70 51
66 40
28 86
20 3
38 55
51 84
19 39
27 84
13 42
60 27
15 14
6 31
73 57
81 37
62 40
59 56
56 28
84 70
27 31
2 28
52 38
79 68
30 52
62 53
29 10
6 36
71 31
37 65
66 35
80 10
28 54
44 42
26 39
65 4
37 51
88 41
85 34
69 23
71 19
19 88
62 58
12 77
70 46
85 67
26 66
14 81
2 31
42 6
51 6
21 22
62 39
26 30
60 25
85 38
13 3
39 66
19 5
15 56
18 69
70 26
76 87
1 38
2 37
46 85
11 55
30 52
64 17
78 83
73 57
66 25
50 87
79 86
37 77
72 45
67 1
43 59
35 11
39 3
57 81
2 21
74 61
41 48
32 54
55 68
67 80
88 46
1 76
82 59
8 18
87 44
14 88
41 45
82 52
66 13
48 88
79 61
14 27
79 78
2 90
4 35
44 65
86 87
44 53
40 42
82 4
36 59
62 78
4 10
20 43
7 32
40 65
40 20
41 22
27 25
45 25
39 64
89 18
89 69
58 82
44 43
76 8
32 3
14 89
31 32
68 56
75 79
42 76
57 42
52 75
37 9
15 54
2 8
36 61
32 69
11 47
40 87
59 4
36 79
59 86
84 24
58 7
49 12
85 8
78 67
8 76
37 65
57 9
42 78
76 58
83 10
78 20
44 60
78 26
69 6
59 62
69 18
80 80
74 45
76 88
71 70
39 42
6 17
15 13
25 24
3 50
25 9
16 44
30 40
48 84
21 42
63 78
26 55
28 57
64 27
69 6
71 41
50 18
87 1
78 19
59 37
55 34
33 63
19 49
66 65
26 22
52 67
71 34
34 43
28 1
79 90
87 41
33 63
56 73
48 33
18 24
40 28
82 47
14 85
62 75
27 29
36 86
75 35
67 27
78 85
79 20
80 73
66 60
30 84
55 4
8 72
31 7
15 53
78 76
21 90
66 36
35 68
67 42
78 26
42 49
82 67
70 11
75 79
47 87
62 14
75 4
57 74
39 32
76 86
33 3
29 41
75 10
12 81
3 49
70 75
21 24
89 48
51 84
80 76
77 65
65 76
46 5
86 69
30 1
25 25
64 21
52 18
90 90
38 52
80 53
74 17
87 89
89 12
4 51
83 78
67 23
40 48
2 3
46 9
81 77
20 76
19 84
21 72
4 22
79 82
32 69
87 32
70 85
19 33
41 64
72 83
38 9
90 43
22 50
85 46
35 64
35 39
51 24
79 72
72 31
47 21
16 55
50 90
62 12
30 6
86 58
21 90
79 69
20 85
32 41
17 46
48 29
38 11
89 51
17 16
45 88
28 68
67 11
69 35
12 71
61 44
72 43
43 80
64 12
66 8
32 47
1 24
27 73
59 87
15 73
84 49
23 30
40 73
16 14
89 30
84 8
10 9
90 28
37 69
58 66
9 40
74 54
88 10
85 77
15 40
11 81
72 72
77 68
44 24
14 8
73 61
65 68
89 79
12 52
47 27
83 7
77 11
3 89
55 84
30 63
21 57
49 22
11 74
88 2
26 18
90 40
86 72
6 35
41 3
43 28
73 2
14 46
2 4
67 53
83 9
47 32
61 35
71 60
32 70
86 55
14 38
14 85
7 35
