20 300 2
20 17
14 10
11 10
10 20
7 17
2 4
16 16
8 15
1 2
1 20
12 1
9 17
9 18
1 6
16 9
14 3
16 20
17 14
6 13
18 15
19 5
18 3
3 15
19 7
5 14
8 4
3 14
4 3
18 12
16 4
13 4
15 2
4 1
13 5
15 9
2 5
19 8
19 12
16 19
1 3
5 9
9 12
18 14
1 5
18 19
16 6
12 9
12 2
7 3
14 6
16 20
8 6
1 9
19 8
1 5
13 13
19 13
6 17
18 5
14 8
3 3
18 4
16 6
3 6
1 14
14 18
13 13
16 3
13 4
13 1
3 20
17 8
4 8
17 3
5 17
19 17
1 12
7 7
4 4
3 13
3 19
3 4
7 9
12 7
6 17
18 17
1 6
5 11
2 19
5 11
2 16
15 13
6 5
14 20
19 20
8 6
1 15
7 15
20 10
7 10
19 4
18 13
19 17
8 18
20 4
8 10
11 2
1 14
17 20
16 15
1 13
7 6
18 18
9 4
20 2
12 8
17 13
13 10
18 3
11 16
7 16
6 5
3 12
19 5
16 11
4 5
2 3
3 19
12 13
20 3
12 4
4 6
14 15
1 10
8 16
5 1
4 20
4 18
10 17
15 6
16 16
13 19
12 10
10 16
20 8
8 8
15 10
7 17
4 18
2 17
18 19
19 19
2 14
6 9
13 16
3 1
11 16
12 6
6 17
6 12
16 8
2 16
8 5
14 3
7 19
15 11
17 11
7 11
4 8
1 15
16 12
8 5
18 3
19 5
17 10
9 12
19 6
5 19
7 5
8 9
1 1
14 3
2 17
13 18
8 15
16 2
8 10
8 5
8 6
7 13
9 10
20 9
8 18
15 19
18 19
5 1
10 15
7 9
16 14
14 3
8 17
1 6
8 3
1 17
2 2
10 12
5 16
3 5
7 8
2 6
14 19
6 2
14 6
16 9
12 20
6 6
17 10
16 16
4 11
14 5
20 7
10 7
15 6
10 18
13 12
18 6
15 3
9 18
16 10
13 9
12 13
3 20
3 10
5 7
20 10
8 9
20 2
18 4
4 1
10 7
20 13
1 6
5 5
1 13
13 5
16 11
18 19
2 15
11 8
1 7
18 17
6 18
2 14
9 8
2 11
1 6
14 14
1 11
16 3
2 13
9 19
11 14
16 17
4 1
8 9
6 20
7 2
10 14
1 3
9 9
15 8
8 12
14 6
17 1
10 7
18 12
2 8
18 17
11 15
18 3
18 10
11 17
11 8
16 2
12 12
8 1
14 16
4 9
20 17
15 14
15 3
6 4
19 12
3 3
14 20
1 16
20 5
5 9
15 14
20 11
12 8
6 10
7 3
