30 300 3
20 12
22 13
4 23
1 29
27 15
7 28
21 25
19 22
27 27
20 25
25 11
25 7
26 8
17 7
9 25
1 7
14 8
26 25
14 20
11 12
23 30
24 4
17 26
16 12
30 14
8 18
12 28
1 24
17 30
3 24
25 14
27 16
25 18
13 30
3 9
17 1
4 10
18 14
10 6
6 15
5 14
10 7
12 26
23 30
30 9
18 10
29 23
19 21
25 12
1 2
6 5
24 4
13 26
8 8
23 3
4 3
7 13
15 2
20 24
1 8
10 29
22 2
21 2
6 24
23 26
7 12
25 2
27 22
21 11
16 4
25 30
4 4
15 2
24 1
21 12
22 23
8 27
30 1
5 2
6 7
11 15
5 18
10 22
19 20
27 25
24 6
25 9
8 13
14 20
5 11
5 9
18 2
24 9
15 9
17 25
4 3
30 8
8 5
29 27
12 25
23 16
21 28
27 19
6 17
2 18
12 26
28 29
24 9
2 24
26 21
4 21
26 17
5 19
21 15
9 6
12 19
1 13
29 29
3 30
9 10
19 20
27 6
13 7
2 21
25 15
12 8
26 6
3 12
10 28
23 30
18 29
15 16
24 19
26 11
16 9
27 12
27 13
19 25
14 24
25 28
27 19
13 2
24 18
29 13
6 12
23 27
21 6
9 23
10 29
8 30
9 20
7 18
12 11
27 27
23 3
2 1
16 21
16 20
20 30
25 23
12 5
16 21
14 5
17 23
28 23
6 8
28 2
5 23
17 2
16 22
23 21
13 12
20 21
21 16
8 7
29 7
6 28
18 15
29 6
30 22
27 18
9 13
15 22
8 16
2 14
17 8
13 23
24 1
21 2
12 23
23 11
30 14
10 8
27 28
2 7
29 30
15 18
22 27
11 30
20 12
26 28
19 25
1 19
19 20
17 6
8 15
3 27
18 10
9 29
18 28
18 1
26 10
17 2
24 14
25 25
18 22
12 4
23 6
14 27
29 23
21 17
17 11
3 19
1 5
13 1
28 9
29 18
24 25
3 19
24 27
7 7
4 17
23 23
18 12
22 21
15 29
1 28
5 18
30 8
13 13
6 22
13 30
14 29
18 30
8 11
17 14
26 8
15 25
13 10
1 6
14 2
15 21
9 20
17 18
13 11
21 4
17 26
29 14
19 15
24 8
12 19
20 9
7 29
21 5
2 18
6 10
17 16
6 10
17 23
28 25
20 12
28 9
10 21
22 16
14 4
21 10
16 13
19 14
1 20
27 24
29 3
6 1
20 29
10 24
20 10
28 6
2 6
27 25
8 20
10 5
21 10
21 3
10 2
30 22
29 10
9 12
24 17
18 13
26 13
5 16
18 6
20 30
4 21
2 12
