100 1000 97
67 96
2 53
3 98
46 24
13 68
68 82
32 24
25 94
17 72
64 35
52 22
2 37
17 23
16 91
73 15
89 28
57 36
23 93
78 36
77 20
45 82
62 3
82 65
94 2
53 99
38 52
27 57
100 40
6 25
97 93
60 16
77 94
53 30
4 59
10 96
79 40
16 29
42 42
68 38
65 22
47 50
27 53
84 15
92 10
91 61
69 49
29 98
61 39
65 13
38 62
39 79
8 81
88 25
60 46
82 26
61 14
19 53
33 11
37 79
42 54
82 12
45 22
83 36
90 14
27 22
17 4
70 82
57 82
47 16
70 92
43 97
71 16
35 83
63 78
22 97
50 85
33 46
19 86
66 87
7 76
52 72
61 29
74 9
45 63
17 51
90 94
59 71
50 86
55 74
82 68
51 53
32 64
34 84
7 18
96 81
44 63
91 12
31 63
36 70
43 39
91 41
58 62
25 86
97 43
52 24
63 93
33 16
58 58
70 26
62 34
27 61
15 97
59 75
72 91
47 74
60 51
26 84
44 4
12 15
5 95
50 66
84 49
96 26
26 16
34 27
16 84
26 9
23 29
68 13
50 83
69 26
22 62
40 94
81 39
98 25
16 70
31 16
36 29
3 50
23 82
53 93
71 71
3 29
38 35
29 12
32 61
67 45
44 74
13 53
77 41
88 35
21 77
38 23
75 42
95 80
75 18
20 46
87 13
37 59
88 96
59 16
71 59
88 12
12 81
92 95
12 4
14 65
29 38
94 38
91 80
16 25
55 18
71 17
82 17
72 76
78 61
11 59
100 91
33 51
56 22
39 8
48 49
29 38
6 11
43 21
65 54
10 42
14 62
71 14
37 6
35 57
10 83
62 23
27 15
79 97
17 87
44 74
20 82
38 33
100 85
79 54
2 80
97 57
7 66
92 35
52 35
9 85
1 3
44 92
56 70
70 33
51 41
51 25
23 5
23 46
73 60
99 21
6 3
36 57
86 50
50 29
41 72
23 92
11 70
73 48
38 5
99 41
31 93
46 61
24 65
72 46
58 70
24 83
93 7
27 2
84 10
43 55
58 38
21 82
43 55
90 58
71 93
36 74
45 10
70 36
18 77
26 81
78 96
1 52
78 5
55 10
91 3
66 70
27 23
8 44
29 73
55 16
76 31
70 12
60 22
23 28
93 7
50 84
55 67
3 27
79 54
81 11
56 5
52 16
53 96
2 87
18 13
37 56
31 74
92 7
98 36
44 53
89 61
63 29
56 10
76 28
23 26
26 86
95 76
45 51
62 7
8 46
56 6
41 25
53 10
49 94
95 44
24 63
70 46
97 40
8 98
87 80
11 50
57 41
66 57
47 28
26 96
50 98
53 30
36 17
23 93
5 57
10 53
94 20
45 19
26 33
41 89
97 22
59 68
44 2
65 28
88 64
40 18
50 80
4 95
59 32
54 12
65 62
85 49
36 28
44 1
70 88
24 17
5 62
3 88
48 57
12 41
19 98
30 77
89 12
32 20
91 93
24 6
58 43
60 85
5 4
42 17
79 96
72 89
88 41
61 50
31 92
85 85
51 57
86 16
70 87
5 96
32 49
84 40
42 39
79 52
10 67
64 43
87 5
13 5
36 78
59 51
68 46
29 78
30 33
34 99
64 95
58 75
95 53
48 54
88 1
75 44
61 48
61 45
63 48
70 6
4 37
50 8
34 90
32 93
31 96
51 1
12 46
77 53
13 50
72 62
28 80
44 54
18 93
68 96
39 40
68 18
96 85
34 35
18 85
86 77
100 39
5 18
4 46
98 83
6 71
96 16
82 85
78 51
32 46
77 13
24 45
47 99
9 81
39 64
32 61
22 88
1 27
91 13
51 77
59 19
6 97
93 4
15 96
90 42
10 73
69 27
9 61
20 3
22 52
68 23
90 39
94 43
65 28
28 11
9 75
80 3
34 14
63 34
29 6
47 59
32 100
97 57
57 16
78 98
93 72
29 31
75 58
6 23
55 76
23 70
80 77
69 77
81 88
44 64
75 13
94 65
25 68
43 38
56 62
75 24
52 44
89 96
44 19
76 60
85 54
6 1
76 86
3 8
49 49
47 76
78 71
12 62
34 18
96 48
94 58
70 17
58 31
67 16
41 30
3 3
76 98
9 69
94 4
59 5
34 53
31 73
4 41
93 60
35 10
1 31
81 31
34 55
36 25
9 83
82 48
82 88
9 96
5 89
12 86
37 96
9 28
31 79
79 59
23 69
47 14
6 52
34 68
79 21
85 32
68 1
2 90
79 2
98 41
52 85
50 16
67 37
85 88
58 43
22 85
22 47
69 63
51 14
87 85
91 41
47 11
3 61
13 80
53 23
42 9
7 63
95 82
1 88
81 19
76 83
81 38
46 100
54 90
69 78
54 28
40 32
6 72
7 80
57 4
8 22
53 65
50 59
83 96
90 96
59 33
53 19
76 83
33 37
57 51
39 87
73 81
68 30
61 72
63 13
71 78
56 61
11 3
1 60
55 55
73 98
14 42
77 36
4 47
42 56
91 74
51 35
15 16
31 1
33 84
13 20
34 47
45 31
69 70
41 91
61 31
53 15
3 22
96 75
43 70
92 17
94 82
45 79
36 39
35 69
81 23
75 22
55 25
77 44
1 68
69 57
91 36
32 92
42 67
76 92
11 16
36 77
60 86
7 87
25 39
3 68
35 18
67 12
31 4
54 42
70 99
88 91
29 51
35 77
30 64
65 50
91 74
9 37
42 85
31 87
80 29
20 80
36 6
18 23
16 64
58 22
76 96
16 47
55 21
54 65
29 38
81 8
60 35
22 35
72 78
62 96
6 59
88 11
66 22
44 19
36 73
82 12
81 43
46 42
16 21
54 72
89 19
44 53
92 48
100 7
33 57
51 9
1 46
57 91
43 18
21 55
41 15
94 20
81 56
71 90
69 89
65 90
84 81
24 38
38 19
4 55
76 58
63 38
74 9
90 32
55 97
42 84
84 98
8 78
45 38
55 75
18 13
6 88
53 45
60 2
91 5
63 33
93 8
71 54
15 53
82 39
55 83
18 48
2 90
52 15
23 5
41 97
84 36
23 21
30 69
12 54
24 25
20 41
56 58
27 75
92 70
31 14
89 16
81 70
8 47
13 99
50 53
58 52
90 64
11 53
94 37
70 16
73 95
37 75
39 98
24 76
29 67
8 7
15 80
56 25
31 84
52 99
96 99
89 2
58 45
53 73
61 93
46 16
93 18
87 58
80 32
55 41
90 31
15 62
52 19
36 50
61 9
73 19
96 49
43 68
55 20
91 23
55 44
11 18
44 82
13 37
40 57
78 33
32 38
15 97
23 10
12 4
58 87
89 64
26 18
33 48
9 57
98 91
49 46
100 64
25 25
10 74
21 35
88 9
44 68
51 43
61 93
31 76
18 22
56 2
19 35
75 30
71 43
17 61
61 47
86 4
86 58
60 99
83 77
13 55
46 40
85 96
74 47
95 65
91 41
97 53
90 28
68 3
60 22
6 85
91 53
6 34
83 11
22 90
75 72
52 66
54 71
12 1
34 58
91 75
28 32
60 35
79 12
60 12
89 95
79 80
94 78
38 94
7 62
21 96
74 72
80 47
21 16
43 39
100 7
12 7
95 99
17 81
57 56
71 68
86 92
82 50
17 40
94 32
58 61
44 54
98 55
32 65
41 65
3 89
10 44
1 74
64 35
47 62
29 74
8 52
82 25
89 43
90 78
30 27
96 25
68 20
95 12
56 43
31 40
45 80
29 86
99 17
38 31
100 31
34 84
81 50
100 28
19 39
33 94
34 98
34 3
42 24
97 81
63 14
15 29
10 14
75 6
33 88
93 34
13 90
87 55
66 83
2 38
9 63
90 15
4 19
83 40
44 45
15 66
47 69
18 79
79 98
63 83
94 69
51 3
49 56
43 1
29 87
52 20
33 57
18 82
86 3
21 78
21 97
92 40
56 41
5 21
62 26
80 17
89 24
45 65
53 90
10 13
86 73
20 47
39 59
78 58
21 42
31 44
91 77
34 24
27 58
4 32
17 70
94 55
61 66
63 43
24 2
30 7
52 62
59 49
94 75
21 37
46 21
58 82
92 78
45 20
100 16
1 77
32 90
28 43
57 65
97 21
20 63
39 81
61 42
94 35
37 44
15 53
35 8
56 26
98 26
52 56
8 99
55 31
51 41
14 46
9 67
42 28
23 79
36 22
64 72
56 1
22 74
76 4
31 62
86 95
46 94
64 4
99 15
53 25
57 63
76 93
62 66
55 60
15 23
38 90
58 63
89 17
60 22
46 16
45 98
21 63
31 38
36 73
34 17
20 50
14 28
15 19
100 70
54 41
18 67
3 88
78 57
80 28
6 8
50 89
87 60
5 81
25 99
23 50
83 43
13 61
7 53
99 100
97 95
73 98
2 61
58 52
28 24
85 99
46 59
97 41
22 11
57 62
54 43
66 23
1 100
35 73
57 39
16 95
37 29
79 16
38 15
26 46
33 81
7 93
22 6
9 83
33 62
26 50
11 90
64 73
33 13
96 14
70 5
69 28
36 40
40 92
84 64
37 35
12 54
39 19
50 25
35 83
66 22
17 73
95 89
68 38
22 20
41 23
19 86
84 24
82 95
58 23
46 45
14 96
31 5
26 41
95 81
90 15
36 51
3 96
32 38
9 56
8 16
42 99
14 56
80 75
16 34
49 29
30 100
39 43
52 5
22 48
97 92
1 57
64 17
37 19
43 12
37 94
57 100
81 78
17 38
53 92
25 63
4 22
23 33
88 75
72 77
85 67
65 51
23 31
42 15
28 41
92 27
35 7
61 75
11 50
83 6
61 32
63 21
17 30
74 35
58 3
9 98
28 35
58 43
58 6
31 19
22 30
37 85
45 5
60 55
73 16
98 41
36 3
41 86
