40 300 5
26 2
3 21
5 13
8 40
18 4
27 32
15 10
3 29
38 38
28 32
10 13
21 13
38 38
17 27
22 22
31 11
11 8
7 18
8 34
10 33
37 8
4 5
10 35
34 39
9 9
7 17
40 28
19 29
2 9
21 13
34 11
12 20
30 18
4 9
1 5
22 37
35 34
19 13
5 25
28 13
5 7
10 29
26 29
24 15
36 29
37 24
8 38
40 18
26 19
6 38
22 11
3 18
13 39
4 38
12 13
23 32
24 6
8 35
31 20
25 2
17 33
39 1
33 6
35 14
19 40
15 3
15 40
1 20
3 11
38 15
20 8
13 25
7 35
37 23
24 20
19 38
1 8
29 16
16 23
3 34
11 3
32 32
8 6
4 37
16 18
28 5
24 11
18 17
17 21
8 29
10 1
29 16
25 17
10 39
22 28
22 40
20 19
25 35
36 1
5 15
8 28
38 4
9 6
32 6
11 5
15 11
7 25
17 18
37 14
8 23
2 17
13 18
6 5
36 27
6 24
18 32
1 6
25 2
21 5
14 9
9 11
18 9
30 3
30 22
20 34
37 27
24 1
31 29
9 29
15 1
20 6
38 2
19 28
33 34
15 38
3 26
22 16
6 22
7 29
18 12
37 38
19 34
5 19
17 5
7 18
23 28
14 39
25 14
3 27
24 14
1 17
3 24
25 26
11 31
29 34
1 19
29 13
19 11
6 8
3 39
7 32
25 36
9 1
36 31
17 34
18 9
32 31
30 10
19 24
16 26
17 34
15 14
26 8
9 37
23 31
9 20
8 13
21 32
13 15
34 6
15 18
5 16
15 11
19 38
32 6
7 35
12 24
9 4
6 38
12 32
6 22
6 5
25 39
32 11
30 17
31 27
20 30
13 34
8 1
39 40
10 8
39 9
33 15
29 36
20 17
8 40
31 10
25 7
27 13
31 21
1 24
30 38
4 31
21 35
14 17
15 16
39 25
34 28
18 34
26 17
32 14
6 17
23 8
9 29
23 40
8 33
27 1
34 17
16 4
26 8
14 14
28 15
6 1
27 10
31 24
22 40
9 34
37 7
16 28
35 32
27 7
19 9
15 21
3 22
34 20
22 27
1 29
9 36
30 5
12 7
9 12
18 31
14 1
3 6
10 5
23 7
13 8
17 20
11 21
5 35
36 1
35 11
30 17
34 7
26 12
20 36
34 3
22 1
6 7
22 20
24 22
31 10
30 16
10 27
5 34
6 5
29 40
16 38
39 26
36 1
21 9
8 23
36 19
38 33
9 3
10 4
1 39
30 13
23 28
19 28
39 14
36 9
24 40
10 27
36 13
13 39
20 3
6 36
20 6
32 35
22 40
7 19
23 7
40 7
17 27
31 33
