50 600 7
33 11
18 15
43 35
50 50
49 7
45 34
12 33
43 28
50 45
5 41
21 1
32 26
32 22
50 6
45 7
36 21
14 40
3 28
44 31
11 15
2 26
46 38
1 26
17 47
49 15
6 23
16 45
34 47
46 6
10 27
37 40
19 49
41 20
13 6
48 28
7 23
17 10
24 30
18 37
26 14
36 16
16 23
2 29
9 20
13 34
15 37
4 10
31 42
48 10
16 5
46 16
30 27
1 41
19 26
14 34
1 35
4 48
29 5
46 41
47 49
48 39
33 19
28 43
31 4
36 13
4 44
20 26
44 18
11 32
27 48
35 17
33 34
22 17
49 49
44 31
4 46
19 3
39 28
8 50
48 46
12 44
3 40
43 12
14 22
43 37
14 43
29 43
7 36
24 31
35 44
14 40
49 45
48 23
41 34
2 19
24 17
36 20
31 42
5 13
3 50
25 21
50 18
44 11
25 9
2 19
37 49
33 2
19 10
50 3
16 49
23 8
15 1
39 6
24 36
1 7
34 36
26 24
32 31
18 6
30 35
5 23
9 7
37 2
20 24
39 23
22 13
24 4
45 19
50 4
18 26
4 21
11 17
15 39
48 13
36 48
33 41
27 47
24 50
43 11
2 18
23 23
20 1
42 15
35 18
20 13
24 18
38 34
47 12
36 34
2 44
37 25
34 44
18 34
28 39
44 47
16 40
31 20
3 38
50 23
23 7
2 48
14 33
40 28
43 17
11 26
7 27
35 49
2 25
40 31
47 49
38 27
49 44
18 24
20 30
3 15
31 10
28 21
25 5
2 26
3 36
49 14
41 9
24 10
48 26
29 1
46 14
26 15
38 18
19 5
5 44
34 11
30 22
10 50
40 22
3 41
24 33
48 21
48 24
34 47
32 30
25 32
29 15
18 30
49 32
9 5
31 9
15 31
22 39
6 26
26 1
42 3
11 4
21 43
25 49
34 35
12 50
11 3
22 3
8 5
11 28
39 3
6 43
47 27
44 31
1 14
46 4
9 27
50 11
9 37
31 11
44 15
49 7
41 34
26 7
4 8
9 11
7 30
5 39
17 30
22 28
43 49
42 27
24 12
49 34
33 27
4 20
6 41
22 32
40 16
6 42
19 6
39 4
23 7
19 27
1 41
43 11
14 36
13 11
36 7
18 12
40 12
15 14
11 48
39 50
15 4
23 15
35 31
49 28
26 28
6 34
19 48
35 47
45 38
3 23
16 50
7 19
25 18
11 18
24 25
27 8
42 36
1 41
46 20
35 5
15 46
35 27
17 37
24 47
41 29
46 2
38 45
5 32
39 34
19 11
46 22
41 11
16 17
19 23
44 10
16 34
49 11
40 25
13 27
32 5
42 45
14 6
23 31
28 39
8 2
35 8
40 11
7 7
49 38
10 38
32 28
17 16
36 15
28 15
28 14
37 49
31 22
20 30
11 7
27 12
11 42
6 19
27 38
2 15
32 44
30 12
20 48
32 10
13 13
39 18
24 16
23 6
32 35
37 11
7 48
41 37
39 37
26 8
24 50
6 27
43 12
16 41
2 30
11 10
8 32
31 45
32 24
12 34
41 41
10 31
18 46
37 13
25 44
16 48
30 32
12 15
10 18
12 44
37 49
49 43
29 18
6 5
37 49
17 41
31 7
20 32
6 30
21 37
39 25
29 50
23 7
43 47
22 18
1 44
2 3
24 45
42 13
14 23
27 15
50 16
1 22
15 7
45 4
22 22
8 12
32 27
50 7
12 50
49 12
15 11
50 6
29 44
32 3
9 38
2 19
23 37
47 33
28 15
49 7
38 16
24 27
31 35
46 14
21 22
33 40
44 20
39 42
15 15
16 44
19 10
14 12
34 25
46 15
49 16
18 39
4 1
4 47
41 50
18 23
50 47
9 15
33 1
41 40
17 13
44 49
7 16
45 16
5 37
45 2
45 11
33 27
31 25
10 31
15 43
19 22
12 46
30 40
42 8
45 36
10 24
45 46
29 19
17 43
45 10
5 37
36 27
13 42
7 13
25 34
22 31
43 40
48 44
5 6
15 32
32 3
20 48
30 18
34 36
36 40
25 22
17 34
31 24
6 7
21 38
11 25
17 26
38 44
8 22
49 27
47 10
46 35
44 18
23 21
16 17
31 31
5 15
38 46
26 42
25 42
24 21
6 11
45 32
22 44
43 16
31 6
47 9
3 17
44 8
14 12
15 33
18 20
1 29
10 35
4 33
21 2
43 39
9 41
8 25
35 23
18 37
25 50
20 12
43 34
3 49
25 17
6 17
29 30
44 34
11 49
40 5
20 31
17 2
14 16
8 15
43 49
42 36
34 16
1 40
23 12
20 3
9 7
50 13
26 21
37 32
14 32
42 5
24 30
26 34
4 8
40 28
49 23
6 47
8 3
2 2
26 42
46 31
41 4
44 26
32 36
4 35
13 3
43 4
16 19
39 11
33 18
45 44
1 11
47 7
28 47
30 30
21 9
32 17
7 23
22 22
36 21
2 1
43 12
42 20
5 46
21 11
50 27
18 41
15 40
47 9
39 3
3 23
50 19
11 4
45 30
41 8
46 28
14 29
14 18
27 22
6 38
42 46
19 4
46 49
48 9
27 44
28 47
40 40
4 19
5 14
9 4
8 6
38 18
42 2
28 44
4 18
27 48
36 20
11 42
19 43
3 37
39 42
27 33
28 42
46 28
45 3
34 35
26 29
22 1
27 19
