80 1000 17
5 56
7 1
55 75
51 39
40 56
36 54
56 67
62 7
11 8
59 40
79 1
19 6
1 7
72 2
2 38
73 13
1 56
39 37
68 22
36 78
10 69
57 51
47 73
18 12
34 49
49 53
43 24
37 76
38 21
28 61
58 17
42 62
76 11
1 80
25 60
13 11
33 29
20 20
31 23
21 27
27 52
55 61
68 19
74 48
77 35
27 69
55 61
61 24
66 45
74 67
59 61
14 62
44 6
61 39
58 26
60 16
16 15
45 61
11 37
11 9
13 21
30 68
20 75
26 18
33 44
64 18
42 53
47 44
15 23
9 21
32 34
8 36
59 55
58 6
23 68
1 21
30 46
6 77
77 7
73 58
63 61
66 56
63 7
78 78
77 73
39 78
67 23
36 51
20 68
3 80
12 56
73 58
67 43
39 76
80 44
45 27
64 32
31 1
4 18
30 37
77 55
30 10
37 80
3 16
14 61
12 5
73 58
69 59
7 16
49 18
55 22
59 65
49 62
65 77
51 21
50 1
76 41
64 73
52 8
72 14
48 62
64 52
43 55
4 19
68 66
42 42
25 3
11 73
32 45
34 55
1 6
15 60
66 35
72 80
60 71
52 19
67 37
54 54
55 43
48 77
31 27
78 40
80 54
49 49
25 62
38 78
35 50
67 20
76 56
26 49
29 63
24 31
1 10
75 2
16 15
79 80
53 3
12 68
72 50
55 21
77 67
21 2
10 35
53 5
29 18
80 28
15 22
50 29
59 39
8 80
18 1
31 38
70 2
3 13
77 22
45 80
65 59
41 44
75 28
80 42
28 11
27 46
72 21
80 25
10 3
13 67
21 18
67 27
74 12
51 65
80 45
17 8
17 72
70 33
76 41
39 78
61 6
39 10
36 73
19 13
26 71
64 23
72 5
47 10
15 25
53 23
15 48
80 9
35 71
3 42
7 67
36 27
79 24
2 66
12 15
36 3
1 3
28 59
6 28
40 42
71 22
45 76
67 29
49 65
3 10
11 26
30 38
64 18
74 75
11 29
70 57
45 2
62 80
18 9
61 5
35 54
44 2
28 53
59 19
56 52
9 56
12 7
17 66
8 22
61 74
57 9
70 71
66 12
79 23
58 72
34 53
23 14
23 73
10 37
12 70
13 23
15 54
43 6
47 59
14 14
24 75
60 58
54 35
38 18
57 43
28 15
1 47
44 62
79 78
62 13
22 53
23 41
2 1
25 38
5 56
77 63
46 75
64 32
23 27
21 68
45 3
8 6
2 42
71 37
80 44
25 16
19 31
55 29
78 52
66 15
67 43
75 73
21 72
12 42
46 60
78 7
4 33
52 51
49 44
11 79
75 31
66 20
49 44
45 29
2 53
24 50
59 7
57 58
31 53
75 8
79 48
78 79
41 48
35 15
52 10
76 63
35 46
15 71
20 22
67 18
21 2
72 43
20 61
61 62
70 64
4 64
28 67
55 34
42 71
55 35
27 42
80 68
57 16
55 29
46 73
9 27
58 52
47 9
69 42
42 53
49 53
57 32
57 5
18 27
5 2
76 59
3 72
63 4
71 63
29 64
58 1
9 18
9 38
46 54
8 39
9 57
57 77
33 41
8 4
35 5
65 66
60 19
54 5
8 72
67 60
67 64
53 18
27 41
23 60
40 22
39 47
2 19
55 49
44 19
77 10
33 4
50 25
49 31
3 29
28 70
51 63
63 22
59 25
14 12
37 48
28 69
24 60
80 23
6 38
32 26
40 67
76 62
42 51
64 34
69 19
48 32
77 76
46 5
10 30
56 48
60 9
65 34
1 50
46 26
64 33
48 28
78 41
12 53
33 72
11 48
19 59
71 9
5 32
40 70
5 71
28 72
26 29
10 7
32 55
13 74
67 54
53 36
30 70
75 23
22 12
77 57
77 56
47 5
69 24
12 69
49 33
2 18
62 75
7 48
76 71
45 3
75 16
61 74
5 23
8 21
25 57
51 75
72 26
74 67
70 19
19 79
47 24
25 75
68 15
62 38
26 2
66 69
71 21
74 67
60 28
47 77
13 36
20 69
6 42
61 46
56 5
32 2
70 55
25 55
31 50
16 6
27 65
71 68
63 63
32 66
39 26
9 56
38 3
78 4
73 62
71 27
76 47
43 50
43 32
49 51
61 28
77 19
70 8
19 31
57 23
56 38
6 49
47 3
46 38
77 59
48 4
21 2
10 21
48 42
42 12
30 35
56 72
65 38
47 59
62 12
45 15
79 63
41 32
65 52
15 50
55 15
70 54
59 47
74 18
22 45
32 80
20 28
46 23
42 6
79 2
66 3
70 54
12 40
30 57
76 57
13 35
1 76
28 5
6 59
66 61
1 74
27 63
57 41
64 76
80 61
7 72
23 7
67 46
50 29
48 8
63 26
34 35
16 76
37 20
6 67
4 79
9 59
55 16
75 25
12 28
1 45
10 48
33 9
44 23
77 23
12 69
24 67
1 68
50 14
34 62
29 13
40 37
35 16
50 9
25 11
65 69
8 6
78 4
54 77
37 52
29 68
17 75
26 64
72 41
54 31
36 61
29 6
57 45
13 62
67 1
69 23
42 5
71 36
3 15
6 69
74 35
61 77
18 30
78 38
73 21
59 53
21 63
66 56
57 24
35 26
23 5
58 39
49 65
61 27
4 11
75 10
18 20
76 42
2 4
48 8
20 32
61 61
71 2
76 45
21 43
68 58
64 53
69 30
29 79
12 74
11 22
42 66
1 13
61 12
3 36
33 80
51 30
44 38
6 29
63 3
47 49
15 14
24 4
11 74
37 67
71 9
38 53
52 58
11 21
65 39
30 73
73 24
62 8
65 49
32 4
31 19
38 28
53 63
76 26
79 50
18 18
37 65
46 62
44 68
50 3
44 68
22 26
57 30
34 7
16 27
53 36
66 62
48 23
55 42
16 46
63 11
50 44
30 70
47 50
42 71
38 77
7 12
53 34
32 60
66 14
76 37
62 2
52 65
78 3
29 39
52 28
41 69
53 32
73 79
72 48
20 64
72 76
49 70
22 51
3 71
32 8
69 67
76 26
33 6
12 44
45 53
64 70
33 17
3 50
74 48
80 13
10 46
4 49
41 68
60 47
45 16
73 59
45 72
39 30
15 73
30 71
47 26
28 50
72 44
14 26
58 75
6 57
56 44
13 26
40 44
18 7
9 20
8 38
54 79
21 19
19 51
78 8
37 42
45 23
15 67
64 74
75 44
6 53
45 66
7 10
16 34
28 40
68 12
76 56
55 78
42 66
44 52
7 77
26 37
46 19
12 53
20 33
78 61
51 45
30 37
54 48
23 26
19 45
78 57
3 7
57 75
45 48
8 19
41 72
23 72
17 69
14 27
27 23
51 68
3 33
41 5
31 45
79 62
44 12
61 63
14 63
68 61
36 76
7 57
28 33
12 8
53 57
20 14
62 65
20 64
29 6
62 1
46 80
30 11
16 63
28 43
24 28
43 10
66 63
3 18
19 17
20 69
76 35
36 39
8 71
13 64
37 6
44 3
54 50
64 10
74 49
5 38
17 53
23 55
18 76
74 57
2 20
18 16
52 77
26 49
1 9
36 52
29 37
6 49
11 66
21 54
39 11
66 20
18 17
38 24
17 76
14 57
73 69
2 32
70 8
50 50
70 37
17 55
2 34
63 4
60 69
49 16
21 1
9 39
26 43
27 38
75 42
62 56
24 80
52 23
68 18
53 38
22 16
2 63
22 14
7 20
51 77
79 45
39 37
12 67
5 39
29 63
64 42
15 12
6 11
57 25
65 27
62 22
52 18
2 11
16 16
15 20
11 19
28 59
31 26
30 61
68 75
32 16
8 73
50 80
3 1
19 53
44 12
20 39
16 59
23 41
77 28
13 38
72 61
52 21
50 29
80 4
41 70
67 34
67 40
43 17
11 62
54 5
3 22
77 16
32 29
58 41
31 37
22 3
71 23
61 79
56 27
26 80
31 73
5 77
69 51
57 49
14 19
4 38
14 20
9 47
29 53
59 75
53 73
40 10
54 33
2 36
56 53
31 56
67 31
28 77
37 13
22 4
36 31
21 38
10 65
71 15
40 73
32 34
51 26
70 40
23 29
35 23
34 51
6 52
28 14
27 20
59 3
45 55
12 13
38 11
10 45
21 75
7 76
77 4
24 27
34 41
37 2
38 58
45 64
49 46
71 65
41 48
44 66
39 5
40 5
46 57
78 52
70 71
29 63
43 41
78 53
2 8
80 72
52 70
71 69
67 10
61 52
19 59
69 15
15 50
52 40
79 46
14 53
30 68
26 37
76 71
67 25
73 14
75 56
18 14
57 36
62 25
18 24
41 66
79 2
60 26
55 41
24 14
21 61
32 1
11 33
27 63
65 33
29 28
29 35
69 60
23 46
57 45
30 62
64 72
16 8
1 6
20 75
55 9
64 1
44 41
76 66
50 7
49 61
62 14
68 27
80 64
18 57
7 38
36 1
29 40
33 32
67 27
53 64
10 66
71 32
67 7
6 36
25 70
51 70
7 26
45 36
44 14
22 29
26 3
24 27
80 36
